Zip_Code,Housing_Units,Occupied_Units,Vacant_Units
Z00601,7318,5972,1346
Z00602,17220,12968,4252
Z00603,24596,18674,5922
Z00606,2630,1915,715
Z00610,12159,9404,2755
Z00612,29848,22971,6877
Z00616,4654,3636,1018
Z00617,9863,8352,1511
Z00622,8565,2557,6008
Z00623,21096,14558,6538
Z00624,9529,8216,1313
Z00627,14076,11934,2142
Z00631,791,657,134
Z00637,10701,7088,3613
Z00638,7536,6018,1518
Z00641,12604,9540,3064
Z00646,15924,12360,3564
Z00647,3477,1791,1686
Z00650,5730,5017,713
Z00652,1826,1390,436
Z00653,5863,3664,2199
Z00656,8423,6612,1811
Z00659,16821,14337,2484
Z00660,7559,6418,1141
Z00662,19518,14620,4898
Z00664,6295,4846,1449
Z00667,12213,8494,3719
Z00669,11686,9735,1951
Z00670,3925,3163,762
Z00674,18935,16090,2845
Z00676,15772,12356,3416
Z00677,9538,5451,4087
Z00678,11087,9584,1503
Z00680,26986,19352,7634
Z00682,15155,11636,3519
Z00683,14893,11921,2972
Z00685,17751,13794,3957
Z00687,11612,9788,1824
Z00688,5061,4203,858
Z00690,2779,2147,632
Z00692,15203,11803,3400
Z00693,25236,17837,7399
Z00694,181,49,132
Z00698,17092,10422,6670
Z00703,10872,8968,1904
Z00704,3911,3024,887
Z00705,9850,8614,1236
Z00707,5286,4086,1200
Z00714,8548,6265,2283
Z00715,1477,1263,214
Z00716,13822,11763,2059
Z00717,9044,6995,2049
Z00718,11476,8718,2758
Z00719,10926,8837,2089
Z00720,8361,6821,1540
Z00723,8838,6436,2402
Z00725,37012,31555,5457
Z00727,23106,20561,2545
Z00728,16142,13692,2450
Z00729,20050,16611,3439
Z00730,15628,12582,3046
Z00731,5576,4765,811
Z00735,7502,4663,2839
Z00736,21223,17629,3594
Z00738,17745,12194,5551
Z00739,14792,12621,2171
Z00740,896,565,331
Z00741,2086,1639,447
Z00745,23520,17053,6467
Z00751,10451,8349,2102
Z00754,16436,13595,2841
Z00757,9316,7727,1589
Z00765,4964,2711,2253
Z00766,9354,8094,1260
Z00767,14765,12205,2560
Z00769,16258,13493,2765
Z00771,15537,12805,2732
Z00772,9258,6829,2429
Z00773,10471,6788,3683
Z00775,1459,515,944
Z00777,15989,13106,2883
Z00778,17486,15306,2180
Z00780,5153,4408,745
Z00782,7171,5991,1180
Z00783,12923,10863,2060
Z00784,18170,14753,3417
Z00786,172,130,42
Z00791,24585,16890,7695
Z00794,11211,9424,1787
Z00795,18248,15836,2412
Z00901,4534,2612,1922
Z00906,163,51,112
Z00907,13149,8519,4630
Z00909,3490,2574,916
Z00911,5752,3820,1932
Z00912,3566,2437,1129
Z00913,4120,3267,853
Z00915,15419,11578,3841
Z00917,11348,8161,3187
Z00918,10360,7930,2430
Z00920,9294,7278,2016
Z00921,17341,14156,3185
Z00923,13486,10550,2936
Z00924,24291,19890,4401
Z00925,4917,2976,1941
Z00926,45881,38019,7862
Z00927,7615,5925,1690
Z00934,100,47,53
Z00936,13,0,13
Z00949,31733,26693,5040
Z00950,0,0,0
Z00951,23,15,8
Z00952,3936,3113,823
Z00953,25240,22190,3050
Z00956,31246,26424,4822
Z00957,18242,15329,2913
Z00959,21962,18772,3190
Z00960,0,0,0
Z00961,13271,11460,1811
Z00962,8497,7334,1163
Z00965,3672,2974,698
Z00966,7321,6380,941
Z00968,2305,1885,420
Z00969,17573,15671,1902
Z00971,12091,10334,1757
Z00976,25512,21587,3925
Z00979,12536,7751,4785
Z00982,7001,5850,1151
Z00983,16836,14719,2117
Z00985,14812,12860,1952
Z00987,24297,21444,2853
Z01001,7452,7103,349
Z01002,10483,9541,942
Z01003,29,29,0
Z01005,2164,1812,352
Z01007,5932,5716,216
Z01008,596,505,91
Z01009,230,184,46
Z01010,1641,1484,157
Z01011,688,552,136
Z01012,331,245,86
Z01013,10065,9196,869
Z01020,13298,12571,727
Z01022,1435,1226,209
Z01026,501,457,44
Z01027,8355,7960,395
Z01028,6291,6039,252
Z01029,1113,314,799
Z01030,4462,4385,77
Z01031,696,575,121
Z01032,369,278,91
Z01033,2457,2344,113
Z01034,1170,805,365
Z01035,2483,2288,195
Z01036,1972,1917,55
Z01037,284,264,20
Z01038,1310,1256,54
Z01039,638,568,70
Z01040,16776,15324,1452
Z01050,1208,959,249
Z01053,592,571,21
Z01054,856,824,32
Z01056,8539,8093,446
Z01057,3739,3534,205
Z01060,6927,6467,460
Z01062,4654,4446,208
Z01063,0,0,0
Z01066,10,10,0
Z01068,691,668,23
Z01069,3842,3500,342
Z01070,310,243,67
Z01071,584,516,68
Z01072,754,635,119
Z01073,2532,2484,48
Z01074,103,83,20
Z01075,7258,6933,325
Z01077,3898,3566,332
Z01079,297,262,35
Z01080,1044,917,127
Z01081,836,689,147
Z01082,4675,4268,407
Z01083,1315,1180,135
Z01084,95,72,23
Z01085,16358,15190,1168
Z01086,0,0,0
Z01088,303,290,13
Z01089,12174,11495,679
Z01092,614,560,54
Z01093,143,133,10
Z01094,198,185,13
Z01095,5591,5415,176
Z01096,1076,993,83
Z01097,10,10,0
Z01098,629,514,115
Z01103,1708,1412,296
Z01104,9437,8784,653
Z01105,5733,4844,889
Z01106,6051,5765,286
Z01107,4284,3923,361
Z01108,10846,9716,1130
Z01109,10790,9379,1411
Z01118,5928,5543,385
Z01119,4938,4730,208
Z01128,1016,997,19
Z01129,3117,2923,194
Z01151,3701,3303,398
Z01199,0,0,0
Z01201,21831,19894,1937
Z01220,4354,3838,516
Z01222,345,345,0
Z01223,2064,1018,1046
Z01224,86,77,9
Z01225,1555,1374,181
Z01226,3186,2843,343
Z01229,91,61,30
Z01230,4388,3281,1107
Z01235,1602,1214,388
Z01236,660,524,136
Z01237,1518,976,542
Z01238,3248,2492,756
Z01240,2916,2306,610
Z01242,179,144,35
Z01243,210,177,33
Z01244,99,63,36
Z01245,859,417,442
Z01247,8135,7069,1066
Z01253,525,302,223
Z01254,587,440,147
Z01255,698,353,345
Z01256,359,337,22
Z01257,1229,950,279
Z01258,348,179,169
Z01259,438,260,178
Z01260,154,144,10
Z01262,991,574,417
Z01264,137,66,71
Z01266,1125,661,464
Z01267,3085,2381,704
Z01270,446,316,130
Z01301,8399,7850,549
Z01330,808,622,186
Z01331,6302,5341,961
Z01337,1195,1122,73
Z01338,100,79,21
Z01339,798,595,203
Z01340,944,716,228
Z01341,795,688,107
Z01342,503,484,19
Z01343,34,27,7
Z01344,675,626,49
Z01346,414,210,204
Z01347,66,66,0
Z01349,501,446,55
Z01350,61,50,11
Z01351,993,939,54
Z01354,622,569,53
Z01355,426,418,8
Z01360,1388,1234,154
Z01364,3704,3302,402
Z01366,563,496,67
Z01367,318,247,71
Z01368,608,515,93
Z01370,1964,1768,196
Z01373,2129,1914,215
Z01375,1574,1528,46
Z01376,2469,2252,217
Z01378,476,337,139
Z01379,396,376,20
Z01420,17031,14842,2189
Z01430,2748,2216,532
Z01431,1130,1048,82
Z01432,3537,3308,229
Z01434,160,160,0
Z01436,1328,1299,29
Z01438,233,233,0
Z01440,9183,8156,1027
Z01450,4243,3992,251
Z01451,1683,1652,31
Z01452,1751,1592,159
Z01453,17847,16784,1063
Z01460,3691,3446,245
Z01462,4567,4287,280
Z01463,4451,4247,204
Z01464,2462,2331,131
Z01467,153,113,40
Z01468,1876,1612,264
Z01469,2648,2547,101
Z01473,3051,2779,272
Z01474,856,729,127
Z01475,4511,3948,563
Z01501,6616,6267,349
Z01503,1163,1078,85
Z01504,3628,3333,295
Z01505,1751,1618,133
Z01506,1514,1390,124
Z01507,4913,4744,169
Z01510,6211,5644,567
Z01515,895,827,68
Z01516,3290,3100,190
Z01518,1364,1213,151
Z01519,2416,2360,56
Z01520,5513,5178,335
Z01521,1443,998,445
Z01522,1245,1139,106
Z01523,2389,2261,128
Z01524,2802,2623,179
Z01525,73,73,0
Z01527,5487,5162,325
Z01529,1127,1061,66
Z01531,423,392,31
Z01532,5253,5108,145
Z01534,2323,2137,186
Z01535,2204,1820,384
Z01536,2966,2743,223
Z01537,932,828,104
Z01540,4444,4220,224
Z01541,1307,1252,55
Z01542,798,773,25
Z01543,3194,2898,296
Z01545,13758,12839,919
Z01550,7466,6762,704
Z01560,1901,1705,196
Z01561,96,58,38
Z01562,5281,4656,625
Z01564,2821,2748,73
Z01566,2624,2396,228
Z01568,2912,2633,279
Z01569,5006,4824,182
Z01570,7653,6669,984
Z01571,4384,4037,347
Z01581,7337,6992,345
Z01583,2240,2143,97
Z01585,2072,1880,192
Z01588,4003,3752,251
Z01590,3372,3093,279
Z01602,9655,9179,476
Z01603,7900,7203,697
Z01604,15438,14130,1308
Z01605,11651,10472,1179
Z01606,8439,7688,751
Z01607,4154,3741,413
Z01608,1725,1438,287
Z01609,8170,7049,1121
Z01610,8759,7843,916
Z01611,1011,927,84
Z01612,1579,1508,71
Z01701,12680,12344,336
Z01702,15326,14745,581
Z01718,173,173,0
Z01719,2126,2101,25
Z01720,8865,8503,362
Z01721,6744,6596,148
Z01730,5330,5129,201
Z01731,638,572,66
Z01740,1676,1619,57
Z01741,1827,1762,65
Z01742,7478,6920,558
Z01745,160,133,27
Z01746,5084,5037,47
Z01747,2328,2237,91
Z01748,5698,5422,276
Z01749,7947,7638,309
Z01752,16560,15558,1002
Z01754,4544,4284,260
Z01756,2058,1993,65
Z01757,11565,10916,649
Z01760,14295,13874,421
Z01770,1554,1461,93
Z01772,3377,3175,202
Z01773,2229,2021,208
Z01775,2591,2538,53
Z01776,6221,6063,158
Z01778,5435,5213,222
Z01801,15925,15016,909
Z01803,9858,9359,499
Z01810,12797,12174,623
Z01821,11377,11083,294
Z01824,10138,9821,317
Z01826,11301,11008,293
Z01827,1208,1176,32
Z01830,10847,10202,645
Z01832,9193,8461,732
Z01833,3231,3115,116
Z01834,2496,2385,111
Z01835,5506,5118,388
Z01840,2379,2258,121
Z01841,16198,15253,945
Z01843,9488,8983,505
Z01844,18230,17451,779
Z01845,11366,10830,536
Z01850,5923,5445,478
Z01851,10741,10052,689
Z01852,14572,13564,1008
Z01854,10230,9446,784
Z01860,2582,2528,54
Z01862,3575,3367,208
Z01863,4039,3931,108
Z01864,5691,5361,330
Z01867,9342,8898,444
Z01876,11357,10974,383
Z01879,4327,4252,75
Z01880,10305,9851,454
Z01886,8339,7878,461
Z01887,7823,7652,171
Z01890,7918,7586,332
Z01901,829,761,68
Z01902,18239,16863,1376
Z01904,6617,6386,231
Z01905,8860,8390,470
Z01906,10757,10108,649
Z01907,5645,5512,133
Z01908,1756,1639,117
Z01913,7577,7055,522
Z01915,16989,16113,876
Z01921,2732,2713,19
Z01922,979,979,0
Z01923,10988,10394,594
Z01929,1627,1425,202
Z01930,14147,12303,1844
Z01937,0,0,0
Z01938,5916,5535,381
Z01940,5105,4771,334
Z01944,2300,2063,237
Z01945,8773,8137,636
Z01949,2744,2633,111
Z01950,8090,7555,535
Z01951,2006,1714,292
Z01952,4533,3446,1087
Z01960,22449,21411,1038
Z01966,4203,3282,921
Z01969,2246,2219,27
Z01970,19278,18001,1277
Z01982,2984,2728,256
Z01983,2320,2282,38
Z01984,1457,1372,85
Z01985,1607,1518,89
Z02019,6467,6196,271
Z02021,9182,8749,433
Z02025,3332,2967,365
Z02026,9844,9579,265
Z02030,2020,1935,85
Z02032,1564,1564,0
Z02035,6632,6411,221
Z02038,11429,11115,314
Z02043,9030,8435,595
Z02045,5856,4892,964
Z02047,174,84,90
Z02048,8489,8115,374
Z02050,10926,9559,1367
Z02052,4328,4090,238
Z02053,4704,4562,142
Z02054,3085,3069,16
Z02056,3295,3177,118
Z02061,3741,3638,103
Z02062,12069,11670,399
Z02066,7246,6510,736
Z02067,6539,6212,327
Z02071,321,321,0
Z02072,11301,10555,746
Z02081,7375,7098,277
Z02090,5691,5589,102
Z02093,4083,3893,190
Z02108,2398,2114,284
Z02109,2343,2001,342
Z02110,1632,1293,339
Z02111,3378,3108,270
Z02113,4595,4319,276
Z02114,7759,7000,759
Z02115,10289,9535,754
Z02116,12909,11460,1449
Z02118,13386,12500,886
Z02119,11789,10693,1096
Z02120,5102,4741,361
Z02121,11343,10329,1014
Z02122,9253,8409,844
Z02124,20295,18593,1702
Z02125,13665,12427,1238
Z02126,10549,9660,889
Z02127,17223,16332,891
Z02128,16936,15820,1116
Z02129,9113,8457,656
Z02130,16812,16070,742
Z02131,12734,12092,642
Z02132,11774,11270,504
Z02134,8854,7826,1028
Z02135,19880,18029,1851
Z02136,11692,11048,644
Z02138,15264,13654,1610
Z02139,15537,14058,1479
Z02140,8941,8561,380
Z02141,6960,6297,663
Z02142,1789,1307,482
Z02143,11582,11340,242
Z02144,11087,10760,327
Z02145,10609,10037,572
Z02148,24232,22960,1272
Z02149,16571,15476,1095
Z02150,12926,12276,650
Z02151,21784,20500,1284
Z02152,8155,7602,553
Z02155,23192,22114,1078
Z02163,721,525,196
Z02169,25897,24364,1533
Z02170,7947,7625,322
Z02171,7993,7487,506
Z02176,11822,11349,473
Z02180,9406,9055,351
Z02184,14204,13706,498
Z02186,9302,9049,253
Z02188,6685,6211,474
Z02189,6141,6088,53
Z02190,7018,6879,139
Z02191,3780,3530,250
Z02199,945,797,148
Z02203,0,0,0
Z02210,1576,1216,360
Z02215,8370,7472,898
Z02301,23843,21284,2559
Z02302,12072,11480,592
Z02322,1751,1659,92
Z02324,8360,7803,557
Z02330,4649,4423,226
Z02332,6055,5406,649
Z02333,5091,4986,105
Z02338,2975,2852,123
Z02339,5001,4862,139
Z02341,3458,3458,0
Z02343,4465,4333,132
Z02346,9122,8566,556
Z02347,4209,3780,429
Z02351,6335,6035,300
Z02356,4353,4278,75
Z02357,0,0,0
Z02359,6675,6309,366
Z02360,25852,21945,3907
Z02364,4795,4585,210
Z02366,0,0,0
Z02367,1074,1028,46
Z02368,12798,12045,753
Z02370,6965,6517,448
Z02375,3646,3445,201
Z02379,2538,2343,195
Z02382,5658,5503,155
Z02420,5179,5026,153
Z02421,6870,6505,365
Z02445,9342,8643,699
Z02446,14592,13431,1161
Z02451,8223,7662,561
Z02452,5251,5080,171
Z02453,12413,11506,907
Z02457,84,0,84
Z02458,5324,4920,404
Z02459,6941,6626,315
Z02460,3838,3755,83
Z02461,2798,2691,107
Z02462,669,618,51
Z02464,1269,1205,64
Z02465,4408,4249,159
Z02466,2984,2876,108
Z02467,7116,6586,530
Z02468,1994,1959,35
Z02472,15229,14357,872
Z02474,12071,11450,621
Z02476,7547,7193,354
Z02478,10109,9504,605
Z02481,5006,4761,245
Z02482,3977,3800,177
Z02492,7115,6891,224
Z02493,3959,3781,178
Z02494,3803,3683,120
Z02532,6882,5106,1776
Z02534,573,361,212
Z02535,2052,485,1567
Z02536,11941,8019,3922
Z02537,3280,2392,888
Z02538,1809,1185,624
Z02539,5279,1436,3843
Z02540,6817,3994,2823
Z02542,473,237,236
Z02543,830,368,462
Z02553,227,132,95
Z02554,10446,3844,6602
Z02556,2308,1270,1038
Z02557,4541,1712,2829
Z02558,1565,683,882
Z02559,2892,1903,989
Z02561,251,229,22
Z02562,1999,1348,651
Z02563,4433,3783,650
Z02564,1308,70,1238
Z02568,3061,1337,1724
Z02571,5762,4507,1255
Z02575,2295,996,1299
Z02576,2048,1786,262
Z02584,9,9,0
Z02601,8601,6393,2208
Z02630,1192,856,336
Z02631,7679,4205,3474
Z02632,6106,4626,1480
Z02633,4263,1819,2444
Z02635,2251,1553,698
Z02637,88,44,44
Z02638,3358,1597,1761
Z02639,4941,1300,3641
Z02641,554,140,414
Z02642,5892,2277,3615
Z02643,56,9,47
Z02644,1569,1373,196
Z02645,5994,3956,2038
Z02646,2733,1018,1715
Z02647,242,61,181
Z02648,3208,2686,522
Z02649,9807,5907,3900
Z02650,989,524,465
Z02651,14,14,0
Z02652,1676,432,1244
Z02653,5296,2926,2370
Z02655,3085,1658,1427
Z02657,4517,1782,2735
Z02659,1356,393,963
Z02660,4789,3064,1725
Z02663,343,56,287
Z02664,6818,4355,2463
Z02666,1601,388,1213
Z02667,4133,1492,2641
Z02668,1445,1314,131
Z02669,511,80,431
Z02670,2365,700,1665
Z02671,1387,477,910
Z02672,430,62,368
Z02673,6616,3684,2932
Z02675,4115,3086,1029
Z02702,1604,1541,63
Z02703,18046,16787,1259
Z02713,165,28,137
Z02715,1116,1056,60
Z02717,1676,1531,145
Z02718,2508,2294,214
Z02719,7447,6687,760
Z02720,14825,13214,1611
Z02721,12587,11144,1443
Z02723,7333,6514,819
Z02724,8700,7613,1087
Z02725,1016,965,51
Z02726,6342,5910,432
Z02738,2434,1851,583
Z02739,3179,2299,880
Z02740,20232,18274,1958
Z02743,4023,3917,106
Z02744,5299,4661,638
Z02745,10814,10136,678
Z02746,6845,5969,876
Z02747,6812,6504,308
Z02748,5462,4826,636
Z02760,10587,9823,764
Z02762,3766,3358,408
Z02763,726,700,26
Z02764,1507,1447,60
Z02766,6493,6151,342
Z02767,5040,4834,206
Z02769,4269,4012,257
Z02770,1871,1812,59
Z02771,5650,5501,149
Z02777,6617,6015,602
Z02779,2201,2184,17
Z02780,21156,19681,1475
Z02790,7345,6196,1149
Z02791,220,104,116
Z02802,424,424,0
Z02804,1091,954,137
Z02806,6634,6235,399
Z02807,1820,426,1394
Z02808,871,825,46
Z02809,9070,8389,681
Z02812,526,497,29
Z02813,4940,3048,1892
Z02814,3144,2709,435
Z02815,62,62,0
Z02816,13986,13084,902
Z02817,2371,2175,196
Z02818,7936,7458,478
Z02822,2452,2361,91
Z02825,2071,1957,114
Z02826,383,328,55
Z02827,788,730,58
Z02828,3050,2940,110
Z02830,2695,2547,148
Z02831,1340,1266,74
Z02832,2241,2028,213
Z02833,304,278,26
Z02835,2995,2360,635
Z02836,44,44,0
Z02837,2336,1640,696
Z02838,1573,1425,148
Z02839,600,567,33
Z02840,13370,10728,2642
Z02841,0,0,0
Z02842,7360,6414,946
Z02852,9670,8960,710
Z02857,3818,3700,118
Z02858,235,235,0
Z02859,2708,2460,248
Z02860,20654,17973,2681
Z02861,11047,10058,989
Z02863,7614,6413,1201
Z02864,13969,13362,607
Z02865,6737,6335,402
Z02871,7876,6916,960
Z02872,544,120,424
Z02873,123,123,0
Z02874,2517,2329,188
Z02875,173,173,0
Z02876,138,138,0
Z02878,7375,6670,705
Z02879,10820,8248,2572
Z02881,1194,1171,23
Z02882,9331,6316,3015
Z02885,5097,4666,431
Z02886,13261,12427,834
Z02888,8883,8555,328
Z02889,12130,11158,972
Z02891,11906,9163,2743
Z02892,1781,1749,32
Z02893,14211,12964,1247
Z02894,290,290,0
Z02895,19473,17324,2149
Z02896,4961,4481,480
Z02898,628,581,47
Z02903,5352,4607,745
Z02904,14274,12721,1553
Z02905,9625,8610,1015
Z02906,12311,10914,1397
Z02907,10280,8699,1581
Z02908,14635,12310,2325
Z02909,17131,14891,2240
Z02910,8711,7801,910
Z02911,7080,6685,395
Z02912,0,0,0
Z02914,9448,8768,680
Z02915,7663,7343,320
Z02916,3842,3657,185
Z02917,4590,4299,291
Z02919,12936,11765,1171
Z02920,14969,14358,611
Z02921,4412,4217,195
Z03031,4045,3932,113
Z03032,2021,1932,89
Z03033,1687,1676,11
Z03034,1571,1519,52
Z03036,1675,1618,57
Z03037,1714,1562,152
Z03038,13872,13241,631
Z03042,2859,2581,278
Z03043,762,575,187
Z03044,1613,1613,0
Z03045,5399,5106,293
Z03046,1124,1031,93
Z03047,701,606,95
Z03048,1531,1355,176
Z03049,3012,2832,180
Z03051,9194,8864,330
Z03052,2956,2821,135
Z03053,8635,8368,267
Z03054,9936,9576,360
Z03055,6374,6091,283
Z03057,969,901,68
Z03060,12854,11823,1031
Z03062,11032,10636,396
Z03063,6931,6508,423
Z03064,6008,5652,356
Z03070,1961,1882,79
Z03071,2001,1795,206
Z03076,4638,4453,185
Z03077,4177,3970,207
Z03079,11733,11110,623
Z03082,694,618,76
Z03084,607,512,95
Z03086,1679,1508,171
Z03087,5315,5096,219
Z03101,1894,1695,199
Z03102,14333,13200,1133
Z03103,15250,13796,1454
Z03104,14457,13580,877
Z03106,5239,5167,72
Z03109,4311,4003,308
Z03110,7630,7383,247
Z03215,1178,106,1072
Z03216,1060,880,180
Z03217,1472,937,535
Z03218,429,364,65
Z03220,3559,2853,706
Z03221,1212,869,343
Z03222,4266,2247,2019
Z03223,2567,1442,1125
Z03224,1064,898,166
Z03225,2003,1337,666
Z03226,793,435,358
Z03227,703,492,211
Z03229,2334,2068,266
Z03230,736,546,190
Z03231,125,104,21
Z03233,79,47,32
Z03234,1910,1810,100
Z03235,4060,3471,589
Z03237,1336,858,478
Z03238,52,35,17
Z03240,829,535,294
Z03241,825,367,458
Z03242,1996,1668,328
Z03243,530,430,100
Z03244,3975,3170,805
Z03245,1448,816,632
Z03246,9870,6776,3094
Z03249,5100,3055,2045
Z03251,3035,608,2427
Z03253,4624,2611,2013
Z03254,4993,1807,3186
Z03255,1643,828,815
Z03256,1198,871,327
Z03257,2312,1734,578
Z03258,1065,980,85
Z03259,274,153,121
Z03260,409,324,85
Z03261,2071,1644,427
Z03262,1237,437,800
Z03263,1612,1524,88
Z03264,2672,2245,427
Z03266,1472,960,512
Z03268,529,520,9
Z03269,1643,1184,459
Z03273,255,146,109
Z03275,4782,4377,405
Z03276,3584,3267,317
Z03278,1435,1090,345
Z03279,548,313,235
Z03280,1131,476,655
Z03281,3816,3144,672
Z03282,513,341,172
Z03284,587,392,195
Z03285,1824,912,912
Z03287,697,611,86
Z03290,1943,1734,209
Z03291,19,19,0
Z03293,132,35,97
Z03301,14032,12897,1135
Z03303,6498,6074,424
Z03304,2887,2783,104
Z03307,2204,2062,142
Z03431,10921,10265,656
Z03440,1435,1050,385
Z03441,245,181,64
Z03442,715,553,162
Z03443,301,301,0
Z03444,780,613,167
Z03445,298,278,20
Z03446,2712,2413,299
Z03447,1225,1058,167
Z03448,374,300,74
Z03449,910,727,183
Z03450,688,453,235
Z03451,1941,1777,164
Z03452,2397,2170,227
Z03455,926,812,114
Z03456,428,304,124
Z03457,475,290,185
Z03458,3527,3202,325
Z03461,2199,1836,363
Z03462,919,705,214
Z03464,1031,483,548
Z03465,959,947,12
Z03466,464,464,0
Z03467,722,636,86
Z03470,2337,1990,347
Z03561,2971,2591,380
Z03570,4888,4095,793
Z03574,1526,1049,477
Z03575,370,13,357
Z03576,2525,1488,1037
Z03579,1119,257,862
Z03580,1080,599,481
Z03581,1686,1433,253
Z03582,1421,1058,363
Z03583,589,433,156
Z03584,1910,1633,277
Z03585,1448,1059,389
Z03586,458,295,163
Z03588,1114,718,396
Z03590,715,399,316
Z03592,2204,568,1636
Z03593,345,187,158
Z03595,545,323,222
Z03597,287,143,144
Z03598,1957,1482,475
Z03601,285,197,88
Z03602,1187,1049,138
Z03603,2426,2186,240
Z03604,143,143,0
Z03605,603,402,201
Z03607,177,152,25
Z03608,1131,1047,84
Z03609,414,392,22
Z03740,501,317,184
Z03741,1994,1583,411
Z03743,6410,5445,965
Z03745,643,578,65
Z03746,94,81,13
Z03748,2567,2024,543
Z03750,383,365,18
Z03751,473,294,179
Z03752,391,298,93
Z03753,1651,1115,536
Z03754,113,113,0
Z03755,2886,2607,279
Z03765,298,228,70
Z03766,4773,4402,371
Z03768,783,679,104
Z03770,202,178,24
Z03771,381,339,42
Z03773,3737,3136,601
Z03774,750,572,178
Z03777,682,557,125
Z03779,491,335,156
Z03780,228,170,58
Z03781,766,701,65
Z03782,2258,1351,907
Z03784,2006,1942,64
Z03785,1373,1039,334
Z03801,11110,10567,543
Z03809,2041,1524,517
Z03810,2367,600,1767
Z03811,2757,2630,127
Z03812,1390,408,982
Z03813,2085,1297,788
Z03814,1861,1014,847
Z03816,1037,525,512
Z03817,452,339,113
Z03818,2225,1615,610
Z03819,1596,1548,48
Z03820,13602,12681,921
Z03823,639,613,26
Z03824,3544,3116,428
Z03825,3697,3336,361
Z03826,1098,1047,51
Z03827,1386,1194,192
Z03830,2039,745,1294
Z03832,274,164,110
Z03833,8716,8490,226
Z03835,2893,2624,269
Z03836,1770,566,1204
Z03837,903,606,297
Z03838,1761,534,1227
Z03839,1653,1523,130
Z03840,1492,1447,45
Z03841,2626,2503,123
Z03842,9571,6767,2804
Z03844,957,930,27
Z03845,1246,565,681
Z03846,944,391,553
Z03847,238,154,84
Z03848,2746,2502,244
Z03849,1120,593,527
Z03850,312,157,155
Z03851,1841,1469,372
Z03852,217,207,10
Z03853,977,288,689
Z03854,551,468,83
Z03855,1562,970,592
Z03856,569,562,7
Z03857,4040,3854,186
Z03858,1867,1792,75
Z03860,2922,1854,1068
Z03861,1834,1776,58
Z03862,1869,1729,140
Z03864,853,640,213
Z03865,3034,2838,196
Z03867,9897,9096,801
Z03868,2281,2161,120
Z03869,1044,986,58
Z03870,2960,2398,562
Z03871,17,17,0
Z03872,2034,1636,398
Z03873,2300,2171,129
Z03874,4696,3858,838
Z03875,846,489,357
Z03878,4989,4613,376
Z03882,992,593,399
Z03883,148,62,86
Z03884,1721,1409,312
Z03885,2818,2776,42
Z03886,1588,1072,516
Z03887,960,743,217
Z03890,295,143,152
Z03894,4582,2744,1838
Z03901,3028,2775,253
Z03902,1280,1094,186
Z03903,2662,2459,203
Z03904,4167,3631,536
Z03905,1085,855,230
Z03906,1905,1799,106
Z03907,1888,677,1211
Z03908,2852,2702,150
Z03909,6600,4332,2268
Z03910,613,165,448
Z03911,317,78,239
Z04001,2181,947,1234
Z04002,3579,2979,600
Z04003,480,201,279
Z04005,10451,9147,1304
Z04006,170,81,89
Z04008,1324,1293,31
Z04009,4174,2030,2144
Z04010,862,502,360
Z04011,9441,8328,1113
Z04015,3047,1509,1538
Z04017,557,239,318
Z04019,180,0,180
Z04020,684,571,113
Z04021,2182,2137,45
Z04022,1161,423,738
Z04024,307,225,82
Z04027,2633,2277,356
Z04029,1499,749,750
Z04030,1510,1052,458
Z04032,3580,3199,381
Z04037,2071,1422,649
Z04038,6370,5889,481
Z04039,3281,2885,396
Z04040,2293,1361,932
Z04041,862,616,246
Z04042,1864,1743,121
Z04043,6121,4738,1383
Z04046,4644,3197,1447
Z04047,1132,678,454
Z04048,1549,1091,458
Z04049,1655,1351,304
Z04050,424,130,294
Z04051,1208,415,793
Z04055,3289,1647,1642
Z04056,163,115,48
Z04057,0,0,0
Z04061,1205,935,270
Z04062,7814,6450,1364
Z04063,549,280,269
Z04064,5960,3985,1975
Z04066,450,254,196
Z04068,804,572,232
Z04069,608,595,13
Z04071,3833,2087,1746
Z04072,8554,7847,707
Z04073,7582,6658,924
Z04074,8286,7403,883
Z04076,2059,1048,1011
Z04079,2907,1583,1324
Z04083,2013,1803,210
Z04084,4077,2989,1088
Z04085,710,675,35
Z04086,4175,3778,397
Z04087,1027,769,258
Z04088,1014,624,390
Z04090,8766,4513,4253
Z04091,371,318,53
Z04092,8361,7851,510
Z04093,3452,3190,262
Z04095,1024,565,459
Z04096,3696,3462,234
Z04097,1405,1361,44
Z04101,9739,8756,983
Z04102,8166,7757,409
Z04103,14144,13147,997
Z04105,4803,4596,207
Z04106,11273,10655,618
Z04107,4084,3722,362
Z04108,1008,412,596
Z04109,228,47,181
Z04110,722,582,140
Z04210,10696,9742,954
Z04216,470,167,303
Z04217,2706,1171,1535
Z04219,1172,619,553
Z04220,1465,1179,286
Z04221,512,381,131
Z04222,1679,1585,94
Z04224,1452,1056,396
Z04226,124,80,44
Z04227,34,34,0
Z04228,20,20,0
Z04231,340,123,217
Z04234,55,55,0
Z04236,1879,1702,177
Z04237,281,80,201
Z04238,512,473,39
Z04239,2186,1790,396
Z04240,17110,15784,1326
Z04250,1810,1727,83
Z04252,2010,1806,204
Z04253,1091,848,243
Z04254,1519,1312,207
Z04255,774,269,505
Z04256,1244,1145,99
Z04257,1479,1026,453
Z04258,959,930,29
Z04259,1572,1279,293
Z04260,2337,2074,263
Z04261,1760,179,1581
Z04263,942,828,114
Z04265,605,436,169
Z04267,48,30,18
Z04268,2530,1773,757
Z04270,3447,2321,1126
Z04271,0,0,0
Z04274,2654,2204,450
Z04275,617,175,442
Z04276,3348,2406,942
Z04280,3000,2769,231
Z04281,2369,2032,337
Z04282,2551,2234,317
Z04284,781,493,288
Z04285,704,185,519
Z04286,61,61,0
Z04287,1486,1399,87
Z04289,802,657,145
Z04290,848,544,304
Z04292,632,404,228
Z04294,1990,1535,455
Z04330,12669,11185,1484
Z04342,890,782,108
Z04343,62,29,33
Z04344,1573,1423,150
Z04345,5301,4784,517
Z04346,949,796,153
Z04347,1271,1211,60
Z04348,1770,1211,559
Z04349,793,453,340
Z04350,1929,1520,409
Z04351,1263,1082,181
Z04352,1087,689,398
Z04353,1067,930,137
Z04354,966,629,337
Z04355,1328,1096,232
Z04357,1803,1477,326
Z04358,2309,1731,578
Z04359,197,197,0
Z04360,402,243,159
Z04363,1194,1071,123
Z04364,3054,2407,647
Z04401,20491,18736,1755
Z04406,784,310,474
Z04408,358,67,291
Z04410,556,449,107
Z04411,788,668,120
Z04412,4359,3920,439
Z04413,218,91,127
Z04414,1238,493,745
Z04415,145,106,39
Z04416,3056,2461,595
Z04417,382,124,258
Z04418,955,652,303
Z04419,1209,1048,161
Z04421,712,354,358
Z04422,494,414,80
Z04424,972,304,668
Z04426,3197,1997,1200
Z04427,1313,1114,199
Z04428,1579,1313,266
Z04429,2712,1808,904
Z04430,899,845,54
Z04431,59,38,21
Z04434,587,494,93
Z04435,477,424,53
Z04438,578,481,97
Z04441,2721,889,1832
Z04442,290,22,268
Z04443,1766,1048,718
Z04444,3609,3369,240
Z04448,803,576,227
Z04449,755,607,148
Z04450,632,532,100
Z04451,218,109,109
Z04453,404,295,109
Z04454,63,14,49
Z04455,547,355,192
Z04456,1202,1127,75
Z04457,3176,2368,808
Z04459,594,396,198
Z04460,696,538,158
Z04461,1479,1290,189
Z04462,3699,2155,1544
Z04463,1918,1286,632
Z04464,607,285,322
Z04468,4626,3973,653
Z04469,0,0,0
Z04471,633,290,343
Z04472,1389,937,452
Z04473,3212,2908,304
Z04474,1801,1627,174
Z04475,249,197,52
Z04476,857,607,250
Z04478,998,162,836
Z04479,819,585,234
Z04481,368,210,158
Z04485,269,108,161
Z04487,1059,380,679
Z04488,655,471,184
Z04489,116,116,0
Z04490,239,108,131
Z04491,131,56,75
Z04492,132,81,51
Z04493,1270,792,478
Z04495,269,237,32
Z04496,1724,1660,64
Z04497,417,175,242
Z04530,5574,4888,686
Z04535,320,266,54
Z04537,1192,881,311
Z04538,1847,939,908
Z04539,606,504,102
Z04541,208,51,157
Z04543,1426,924,502
Z04544,995,354,641
Z04547,881,453,428
Z04548,1067,464,603
Z04551,697,375,322
Z04553,1034,804,230
Z04554,1174,469,705
Z04555,1122,698,424
Z04556,726,484,242
Z04558,309,150,159
Z04562,1716,896,820
Z04563,878,595,283
Z04564,436,162,274
Z04568,726,245,481
Z04570,117,0,117
Z04571,366,172,194
Z04572,2631,2035,596
Z04573,319,222,97
Z04574,797,596,201
Z04575,186,31,155
Z04576,970,342,628
Z04578,2340,1826,514
Z04579,1255,1193,62
Z04605,8241,5915,2326
Z04606,795,502,293
Z04607,853,506,347
Z04609,3445,2410,1035
Z04611,360,201,159
Z04612,429,234,195
Z04613,100,69,31
Z04614,1707,1120,587
Z04616,833,354,479
Z04617,780,339,441
Z04619,1699,1394,305
Z04622,1367,645,722
Z04623,726,464,262
Z04624,262,66,196
Z04625,180,32,148
Z04626,310,191,119
Z04627,1519,725,794
Z04628,438,300,138
Z04629,136,105,31
Z04630,874,570,304
Z04631,1108,725,383
Z04634,1613,837,776
Z04635,71,14,57
Z04637,368,70,298
Z04640,1474,1053,421
Z04642,154,45,109
Z04643,718,448,270
Z04644,39,0,39
Z04645,173,29,144
Z04646,168,33,135
Z04648,301,220,81
Z04649,987,583,404
Z04650,260,62,198
Z04652,1449,853,596
Z04653,434,244,190
Z04654,2013,1362,651
Z04655,629,430,199
Z04657,455,152,303
Z04658,948,652,296
Z04660,1172,593,579
Z04662,618,295,323
Z04664,812,498,314
Z04666,799,513,286
Z04667,891,674,217
Z04668,1010,706,304
Z04669,211,90,121
Z04671,362,237,125
Z04673,116,62,54
Z04674,455,258,197
Z04675,421,181,240
Z04676,687,472,215
Z04677,293,121,172
Z04679,1530,880,650
Z04680,917,491,426
Z04681,974,551,423
Z04683,128,46,82
Z04684,1134,702,432
Z04685,450,167,283
Z04686,284,51,233
Z04691,359,153,206
Z04693,515,223,292
Z04694,1524,978,546
Z04730,4735,4163,572
Z04732,1183,789,394
Z04733,207,122,85
Z04734,434,354,80
Z04735,349,249,100
Z04736,4774,4222,552
Z04739,907,407,500
Z04740,579,500,79
Z04741,9,0,9
Z04742,1673,1504,169
Z04743,2266,1994,272
Z04745,474,389,85
Z04746,261,236,25
Z04747,1029,597,432
Z04750,1196,853,343
Z04756,1908,1608,300
Z04757,1464,1170,294
Z04758,679,635,44
Z04760,451,327,124
Z04761,403,226,177
Z04762,335,271,64
Z04763,460,267,193
Z04764,76,27,49
Z04765,1100,569,531
Z04766,196,159,37
Z04768,524,207,317
Z04769,4467,4086,381
Z04772,571,347,224
Z04773,522,331,191
Z04774,642,326,316
Z04776,511,391,120
Z04777,264,175,89
Z04779,576,128,448
Z04780,502,297,205
Z04781,291,232,59
Z04783,533,214,319
Z04785,1379,1096,283
Z04786,891,793,98
Z04787,234,220,14
Z04841,4079,3554,525
Z04843,3254,2366,888
Z04847,800,610,190
Z04848,877,382,495
Z04849,2653,1731,922
Z04851,192,29,163
Z04852,124,19,105
Z04853,538,206,332
Z04854,1006,719,287
Z04855,373,142,231
Z04856,1758,1313,445
Z04858,886,560,326
Z04859,564,293,271
Z04860,1211,695,516
Z04861,1268,1176,92
Z04862,1813,1475,338
Z04863,1323,534,789
Z04864,2095,1654,441
Z04901,12332,11195,1137
Z04910,931,761,170
Z04911,1204,880,324
Z04912,557,401,156
Z04915,4352,3703,649
Z04917,1667,1106,561
Z04918,489,160,329
Z04920,1303,761,542
Z04921,803,626,177
Z04922,721,520,201
Z04923,289,227,62
Z04924,1123,920,203
Z04925,282,70,212
Z04926,38,18,20
Z04927,1525,1354,171
Z04928,1116,863,253
Z04929,388,350,38
Z04930,2527,1905,622
Z04932,612,536,76
Z04933,17,17,0
Z04936,826,77,749
Z04937,2909,2697,212
Z04938,4508,3665,843
Z04939,584,486,98
Z04940,77,0,77
Z04941,796,613,183
Z04942,1225,563,662
Z04943,1150,694,456
Z04944,66,66,0
Z04945,1345,452,893
Z04947,3026,711,2315
Z04949,677,373,304
Z04950,2473,1954,519
Z04951,480,435,45
Z04952,899,778,121
Z04953,1733,1384,349
Z04955,689,518,171
Z04956,494,277,217
Z04957,2046,1810,236
Z04958,1532,853,679
Z04961,1092,481,611
Z04962,64,53,11
Z04963,4038,3057,981
Z04964,799,91,708
Z04965,1041,877,164
Z04966,1298,734,564
Z04967,1783,1511,272
Z04969,624,537,87
Z04970,2844,717,2127
Z04971,1242,822,420
Z04973,843,714,129
Z04974,1757,1381,376
Z04975,44,44,0
Z04976,5012,4332,680
Z04978,525,321,204
Z04979,597,453,144
Z04981,1326,1020,306
Z04982,647,174,473
Z04983,968,633,335
Z04984,373,292,81
Z04985,556,34,522
Z04986,810,648,162
Z04987,462,379,83
Z04988,1010,827,183
Z04989,1960,1619,341
Z04992,138,138,0
Z05001,5174,4094,1080
Z05031,217,76,141
Z05032,1369,1051,318
Z05033,1372,1194,178
Z05034,199,126,73
Z05035,465,283,182
Z05036,611,436,175
Z05037,490,207,283
Z05038,715,558,157
Z05039,673,454,219
Z05040,197,181,16
Z05041,153,153,0
Z05042,270,189,81
Z05043,356,317,39
Z05045,1207,912,295
Z05046,760,441,319
Z05048,1242,1116,126
Z05050,49,49,0
Z05051,996,718,278
Z05052,105,105,0
Z05053,211,176,35
Z05055,1617,1330,287
Z05056,821,190,631
Z05058,123,106,17
Z05059,572,312,260
Z05060,2206,1927,279
Z05061,646,524,122
Z05062,465,299,166
Z05065,555,448,107
Z05067,161,113,48
Z05068,1753,1434,319
Z05069,287,238,49
Z05070,238,199,39
Z05071,199,96,103
Z05072,275,232,43
Z05075,598,507,91
Z05076,252,160,92
Z05077,718,512,206
Z05079,434,292,142
Z05081,289,252,37
Z05083,103,103,0
Z05084,111,106,5
Z05086,420,315,105
Z05089,2513,2201,312
Z05091,2269,1590,679
Z05101,2280,1937,343
Z05141,78,71,7
Z05142,444,300,144
Z05143,2529,1943,586
Z05146,494,328,166
Z05148,1108,469,639
Z05149,3376,1008,2368
Z05150,544,522,22
Z05151,669,616,53
Z05152,772,183,589
Z05153,595,352,243
Z05154,272,240,32
Z05155,1843,362,1481
Z05156,3872,3583,289
Z05158,551,438,113
Z05161,566,252,314
Z05201,6637,6033,604
Z05250,2076,1594,482
Z05251,1149,691,458
Z05252,188,126,62
Z05253,366,315,51
Z05254,280,114,166
Z05255,2288,1849,439
Z05257,1038,910,128
Z05260,181,149,32
Z05261,1300,1152,148
Z05262,1219,1124,95
Z05301,8394,7362,1032
Z05340,1804,300,1504
Z05341,290,216,74
Z05342,447,278,169
Z05343,958,362,596
Z05345,1327,1044,283
Z05346,2224,1959,265
Z05350,513,375,138
Z05352,473,378,95
Z05353,625,405,220
Z05354,890,818,72
Z05355,753,299,454
Z05356,2717,447,2270
Z05358,163,93,70
Z05359,481,232,249
Z05360,439,105,334
Z05361,624,376,248
Z05362,75,45,30
Z05363,2630,983,1647
Z05401,12634,12242,392
Z05403,8537,8166,371
Z05404,3324,3046,278
Z05405,0,0,0
Z05408,4191,4034,157
Z05439,51,51,0
Z05440,1369,713,656
Z05441,439,376,63
Z05442,194,140,54
Z05443,2888,2683,205
Z05444,712,656,56
Z05445,1834,1469,365
Z05446,7190,6481,709
Z05447,32,32,0
Z05448,444,376,68
Z05450,2267,1956,311
Z05452,8609,8415,194
Z05454,1814,1814,0
Z05455,433,380,53
Z05456,591,536,55
Z05457,999,603,396
Z05458,1207,915,292
Z05459,964,862,102
Z05461,1857,1805,52
Z05462,849,758,91
Z05463,454,218,236
Z05464,1439,1306,133
Z05465,2135,2049,86
Z05468,5310,5005,305
Z05471,603,357,246
Z05472,677,648,29
Z05473,748,577,171
Z05474,1018,414,604
Z05476,1438,1210,228
Z05477,1865,1738,127
Z05478,6499,5777,722
Z05481,0,0,0
Z05482,3289,3001,288
Z05483,724,554,170
Z05485,21,21,0
Z05486,1048,705,343
Z05487,667,533,134
Z05488,3799,3027,772
Z05489,1291,1229,62
Z05491,2899,2477,422
Z05492,316,273,43
Z05494,663,643,20
Z05495,4167,4095,72
Z05602,5760,5207,553
Z05640,106,87,19
Z05641,7722,7202,520
Z05647,688,444,244
Z05648,221,157,64
Z05649,254,239,15
Z05650,689,507,182
Z05651,759,688,71
Z05652,347,329,18
Z05653,390,180,210
Z05654,330,307,23
Z05655,1307,1243,64
Z05656,1284,1166,118
Z05657,88,35,53
Z05658,621,559,62
Z05660,943,729,214
Z05661,2977,2454,523
Z05663,2450,2149,301
Z05664,29,29,0
Z05667,1006,815,191
Z05669,400,281,119
Z05672,3553,1989,1564
Z05673,1890,1107,783
Z05674,2518,757,1761
Z05675,596,436,160
Z05676,2354,2164,190
Z05677,1011,971,40
Z05678,54,54,0
Z05679,1378,1344,34
Z05680,1031,859,172
Z05681,410,166,244
Z05682,527,465,62
Z05701,10062,8956,1106
Z05730,256,127,129
Z05732,582,369,213
Z05733,3074,2487,587
Z05734,685,534,151
Z05735,1515,1288,227
Z05736,364,338,26
Z05737,450,327,123
Z05738,557,424,133
Z05739,802,585,217
Z05740,0,0,0
Z05742,444,232,212
Z05743,2451,1762,689
Z05744,243,215,28
Z05747,240,135,105
Z05748,198,153,45
Z05751,2727,420,2307
Z05753,4056,3599,457
Z05757,479,356,123
Z05758,685,367,318
Z05759,866,801,65
Z05760,689,486,203
Z05761,559,378,181
Z05762,414,220,194
Z05763,1395,1183,212
Z05764,1868,1320,548
Z05765,813,724,89
Z05766,329,269,60
Z05767,834,480,354
Z05769,692,476,216
Z05770,512,422,90
Z05772,498,302,196
Z05773,1030,918,112
Z05774,859,490,369
Z05775,330,253,77
Z05776,463,273,190
Z05777,1553,1393,160
Z05778,311,287,24
Z05819,4478,3936,542
Z05820,331,279,52
Z05821,669,428,241
Z05822,1089,730,359
Z05824,770,459,311
Z05825,97,78,19
Z05826,559,355,204
Z05827,261,132,129
Z05828,966,794,172
Z05829,1049,775,274
Z05830,941,750,191
Z05832,700,282,418
Z05833,175,106,69
Z05836,576,404,172
Z05837,221,156,65
Z05839,481,301,180
Z05841,704,200,504
Z05842,267,203,64
Z05843,1250,1032,218
Z05845,568,481,87
Z05846,949,423,526
Z05847,485,306,179
Z05850,10,10,0
Z05851,2931,2646,285
Z05853,815,282,533
Z05855,3374,2884,490
Z05857,873,666,207
Z05858,276,168,108
Z05859,1434,758,676
Z05860,1565,1014,551
Z05862,328,155,173
Z05866,390,263,127
Z05867,436,341,95
Z05868,224,171,53
Z05871,1067,625,442
Z05872,545,367,178
Z05873,588,269,319
Z05874,297,200,97
Z05875,388,230,158
Z05901,162,9,153
Z05902,106,81,25
Z05903,616,423,193
Z05904,137,129,8
Z05905,833,374,459
Z05906,760,522,238
Z05907,358,76,282
Z06001,7574,7202,372
Z06002,8823,8484,339
Z06010,26953,24921,2032
Z06013,3535,3374,161
Z06016,2630,2559,71
Z06018,1227,1031,196
Z06019,4273,3994,279
Z06020,0,0,0
Z06021,178,118,60
Z06022,48,14,34
Z06023,469,469,0
Z06024,369,339,30
Z06026,2134,2081,53
Z06027,539,516,23
Z06029,6638,6352,286
Z06031,874,610,264
Z06032,7754,7231,523
Z06033,11539,11031,508
Z06035,3321,3144,177
Z06037,7864,7442,422
Z06039,1153,726,427
Z06040,15200,14317,883
Z06042,10256,9824,432
Z06043,2131,2021,110
Z06051,13702,11700,2002
Z06052,3377,3014,363
Z06053,14602,13155,1447
Z06057,2611,2390,221
Z06058,977,701,276
Z06059,0,0,0
Z06060,950,788,162
Z06061,159,106,53
Z06062,8035,7462,573
Z06063,1299,1249,50
Z06065,311,306,5
Z06066,14139,13192,947
Z06067,8408,7911,497
Z06068,1135,667,468
Z06069,1729,1155,574
Z06070,5692,5407,285
Z06071,3607,3388,219
Z06073,2183,2090,93
Z06074,10143,9602,541
Z06076,5768,5095,673
Z06078,3777,3607,170
Z06081,604,604,0
Z06082,17446,16225,1221
Z06084,5455,5254,201
Z06085,3021,2889,132
Z06088,2061,1863,198
Z06089,1266,1227,39
Z06090,407,407,0
Z06091,96,55,41
Z06092,1686,1567,119
Z06093,1200,1063,137
Z06095,11700,10775,925
Z06096,5295,4974,321
Z06098,6553,5486,1067
Z06103,1093,1001,92
Z06105,11145,9687,1458
Z06106,15938,13875,2063
Z06107,7792,7617,175
Z06108,10295,9332,963
Z06109,11274,10775,499
Z06110,5266,4938,328
Z06111,12990,12649,341
Z06112,9200,7315,1885
Z06114,10539,9405,1134
Z06117,5805,5490,315
Z06118,11821,10893,928
Z06119,7173,6664,509
Z06120,5053,4187,866
Z06160,0,0,0
Z06226,7383,6688,695
Z06231,1490,1265,225
Z06232,1234,1158,76
Z06234,3174,2928,246
Z06235,898,799,99
Z06237,2159,2063,96
Z06238,4965,4580,385
Z06239,4776,4340,436
Z06241,3291,2815,476
Z06242,653,566,87
Z06243,0,0,0
Z06247,1116,1066,50
Z06248,2132,2105,27
Z06249,3097,2661,436
Z06250,2010,1880,130
Z06254,772,710,62
Z06255,2018,1904,114
Z06256,1076,1031,45
Z06259,1640,1541,99
Z06260,4213,3825,388
Z06262,313,289,24
Z06263,93,77,16
Z06264,39,29,10
Z06266,162,162,0
Z06268,3985,3553,432
Z06269,0,0,0
Z06277,1796,1538,258
Z06278,1969,1737,232
Z06279,2526,2417,109
Z06280,1324,1286,38
Z06281,3219,2645,574
Z06282,607,476,131
Z06320,12270,10786,1484
Z06330,1376,1275,101
Z06331,2036,1891,145
Z06332,218,181,37
Z06333,2464,2355,109
Z06334,1071,996,75
Z06335,2808,2619,189
Z06336,16,16,0
Z06339,3278,3018,260
Z06340,14444,12563,1881
Z06350,49,49,0
Z06351,6576,6067,509
Z06353,16,16,0
Z06354,2590,2346,244
Z06355,6268,5536,732
Z06357,5762,4873,889
Z06359,2286,2019,267
Z06360,17113,14996,2117
Z06365,2042,1935,107
Z06370,2860,2733,127
Z06371,5892,4129,1763
Z06373,113,113,0
Z06374,3285,2934,351
Z06375,1605,1505,100
Z06376,264,93,171
Z06377,972,937,35
Z06378,2983,2297,686
Z06379,4102,3616,486
Z06380,1181,1068,113
Z06382,4654,4060,594
Z06384,1151,1060,91
Z06385,7166,6377,789
Z06387,141,87,54
Z06389,16,16,0
Z06390,789,134,655
Z06401,7408,6954,454
Z06403,2609,2356,253
Z06405,13909,12337,1572
Z06409,353,335,18
Z06410,10397,9921,476
Z06412,2091,1830,261
Z06413,6126,5307,819
Z06414,32,32,0
Z06415,6928,5946,982
Z06416,5846,5456,390
Z06417,2169,1917,252
Z06418,5429,4911,518
Z06419,2709,2513,196
Z06420,1696,1530,166
Z06422,2692,2594,98
Z06423,2531,2019,512
Z06424,5582,4939,643
Z06426,1700,1473,227
Z06437,9578,8725,853
Z06438,1118,1077,41
Z06441,2194,2037,157
Z06442,1210,1184,26
Z06443,7968,6779,1189
Z06444,115,82,33
Z06447,2289,2289,0
Z06450,17325,14916,2409
Z06451,11423,9791,1632
Z06455,1346,1307,39
Z06456,196,137,59
Z06457,21081,19070,2011
Z06460,17427,15711,1716
Z06461,5665,5544,121
Z06467,21,21,0
Z06468,7047,6694,353
Z06469,1264,1198,66
Z06470,5960,5773,187
Z06471,3260,3052,208
Z06472,2427,2377,50
Z06473,9068,8566,502
Z06475,5723,4264,1459
Z06477,5031,4875,156
Z06478,4690,4385,305
Z06479,4515,4134,381
Z06480,4308,3907,401
Z06481,476,444,32
Z06482,4207,3941,266
Z06483,6649,6119,530
Z06484,16471,15392,1079
Z06488,8435,7669,766
Z06489,13342,12801,541
Z06492,19296,17708,1588
Z06498,3672,2841,831
Z06510,1710,1520,190
Z06511,24117,20861,3256
Z06512,13074,11788,1286
Z06513,16587,14760,1827
Z06514,11169,10197,972
Z06515,7259,6667,592
Z06516,22290,20137,2153
Z06517,6890,6331,559
Z06518,7135,6626,509
Z06519,6362,5368,994
Z06524,2060,2042,18
Z06525,3224,3084,140
Z06604,12174,10251,1923
Z06605,9657,8293,1364
Z06606,18062,16548,1514
Z06607,3271,2694,577
Z06608,5069,4294,775
Z06610,9647,8287,1360
Z06611,12551,12123,428
Z06612,2757,2682,75
Z06614,14234,13414,820
Z06615,8030,7300,730
Z06702,1983,1605,378
Z06704,11018,9127,1891
Z06705,11526,10178,1348
Z06706,5788,5050,738
Z06708,12599,10948,1651
Z06710,4433,3296,1137
Z06712,3311,3205,106
Z06716,6043,5746,297
Z06750,774,622,152
Z06751,1485,1277,208
Z06752,886,753,133
Z06754,897,654,243
Z06755,314,299,15
Z06756,1565,1091,474
Z06757,1095,826,269
Z06758,128,128,0
Z06759,2900,2383,517
Z06762,2866,2718,148
Z06763,1147,785,362
Z06770,12978,12143,835
Z06776,11193,10110,1083
Z06777,988,635,353
Z06778,586,531,55
Z06779,3499,3199,300
Z06782,1007,867,140
Z06783,1209,922,287
Z06784,1815,1450,365
Z06785,406,271,135
Z06786,4120,3823,297
Z06787,3104,2982,122
Z06790,17249,15077,2172
Z06791,2265,2031,234
Z06793,870,476,394
Z06794,696,570,126
Z06795,5323,4934,389
Z06796,840,418,422
Z06798,4462,4101,361
Z06801,7545,7216,329
Z06804,6532,5935,597
Z06807,2706,2521,185
Z06810,19673,17788,1885
Z06811,12013,11076,937
Z06812,5863,4851,1012
Z06820,6940,6555,385
Z06824,11985,11204,781
Z06825,7626,7375,251
Z06830,10377,9406,971
Z06831,5873,5123,750
Z06840,7310,6857,453
Z06850,7685,7408,277
Z06851,11387,11003,384
Z06853,1602,1447,155
Z06854,11632,11061,571
Z06855,3398,3122,276
Z06856,0,0,0
Z06870,2546,2426,120
Z06877,9499,8912,587
Z06878,2811,2654,157
Z06880,10739,9868,871
Z06883,3801,3379,422
Z06890,1708,1614,94
Z06896,3924,3518,406
Z06897,6358,5961,397
Z06901,4687,3880,807
Z06902,26474,24102,2372
Z06903,5188,5018,170
Z06905,7632,7158,474
Z06906,3520,3352,168
Z06907,3593,3417,176
Z07001,5179,4974,205
Z07002,27398,25474,1924
Z07003,18493,17479,1014
Z07004,2749,2508,241
Z07005,5928,5635,293
Z07006,9717,9210,507
Z07008,8304,7790,514
Z07009,4396,4304,92
Z07010,11163,10473,690
Z07011,13704,12601,1103
Z07012,5125,4654,471
Z07013,10915,9931,984
Z07014,1962,1768,194
Z07016,8742,8349,393
Z07017,17027,14317,2710
Z07018,13503,11270,2233
Z07020,6234,5671,563
Z07021,801,748,53
Z07022,5818,5404,414
Z07023,2609,2508,101
Z07024,18126,16533,1593
Z07026,11707,10891,816
Z07027,1776,1633,143
Z07028,2529,2487,42
Z07029,6340,5969,371
Z07030,26464,24579,1885
Z07031,6296,6122,174
Z07032,14708,13783,925
Z07033,2687,2605,82
Z07034,3745,3478,267
Z07035,4109,3865,244
Z07036,16351,14949,1402
Z07039,10130,9696,434
Z07040,8741,7991,750
Z07041,2709,2510,199
Z07042,10833,10075,758
Z07043,4405,4293,112
Z07044,5728,5405,323
Z07045,3777,3646,131
Z07046,1394,1370,24
Z07047,23253,21676,1577
Z07050,13015,11125,1890
Z07052,17184,16269,915
Z07054,11776,11124,652
Z07055,21721,19802,1919
Z07057,5006,4594,412
Z07058,2101,1977,124
Z07059,5153,5010,143
Z07060,15485,14318,1167
Z07062,4511,4038,473
Z07063,4145,3818,327
Z07064,1263,1205,58
Z07065,12002,10858,1144
Z07066,5730,5610,120
Z07067,6240,5982,258
Z07068,2483,2426,57
Z07069,2254,2053,201
Z07070,7207,6939,268
Z07071,8933,8165,768
Z07072,2468,2313,155
Z07073,3837,3637,200
Z07074,1077,979,98
Z07075,3108,2948,160
Z07076,8713,8345,368
Z07077,1038,930,108
Z07078,4150,4010,140
Z07079,5633,5301,332
Z07080,8255,8018,237
Z07081,7453,7068,385
Z07082,1771,1683,88
Z07083,20231,19293,938
Z07086,6431,5718,713
Z07087,25859,23075,2784
Z07088,1346,1243,103
Z07090,10901,10367,534
Z07092,2472,2312,160
Z07093,25413,23547,1866
Z07094,7359,6751,608
Z07095,7776,7365,411
Z07102,5395,4617,778
Z07103,12454,10100,2354
Z07104,20469,18071,2398
Z07105,17811,16424,1387
Z07106,13280,10739,2541
Z07107,14961,12392,2569
Z07108,9880,7392,2488
Z07109,13861,12906,955
Z07110,11664,11018,646
Z07111,23877,20062,3815
Z07112,11629,9201,2428
Z07114,4492,3850,642
Z07201,9184,7894,1290
Z07202,14240,13087,1153
Z07203,8678,8128,550
Z07204,5413,4910,503
Z07205,7606,7242,364
Z07206,8942,7508,1434
Z07208,11841,10930,911
Z07302,22124,19180,2944
Z07304,17328,15517,1811
Z07305,25210,22113,3097
Z07306,22095,20273,1822
Z07307,17469,15929,1540
Z07310,6655,5809,846
Z07311,317,191,126
Z07401,2426,2211,215
Z07403,2914,2851,63
Z07405,6556,6288,268
Z07407,7145,6912,233
Z07410,12080,11766,314
Z07416,2594,2240,354
Z07417,3888,3734,154
Z07418,803,663,140
Z07419,4108,3638,470
Z07420,1639,1580,59
Z07421,3223,2617,606
Z07422,2950,2369,581
Z07423,1477,1415,62
Z07424,10186,9594,592
Z07430,9448,9224,224
Z07432,2937,2786,151
Z07435,1183,980,203
Z07436,4525,4361,164
Z07438,4451,4148,303
Z07439,921,877,44
Z07440,1694,1608,86
Z07442,4437,4120,317
Z07444,4803,4643,160
Z07446,5568,5436,132
Z07450,8570,8306,264
Z07452,3982,3862,120
Z07456,4158,3802,356
Z07457,2081,1959,122
Z07458,3930,3718,212
Z07460,1429,1282,147
Z07461,8287,6923,1364
Z07462,3284,2606,678
Z07463,3562,3428,134
Z07465,2684,2551,133
Z07470,18896,18123,773
Z07480,6501,5868,633
Z07481,5971,5802,169
Z07495,0,0,0
Z07501,11732,10014,1718
Z07502,4615,4137,478
Z07503,5905,5439,466
Z07504,3653,3215,438
Z07505,1117,1000,117
Z07506,7170,6829,341
Z07508,7751,7318,433
Z07512,3584,3308,276
Z07513,3547,3253,294
Z07514,7047,6377,670
Z07522,7054,5860,1194
Z07524,4155,3742,413
Z07601,19620,18169,1451
Z07603,2946,2878,68
Z07604,4548,4471,77
Z07605,3505,3336,169
Z07606,914,909,5
Z07607,3740,3530,210
Z07608,43,43,0
Z07620,672,575,97
Z07621,9385,8972,413
Z07624,2772,2687,85
Z07626,3133,2964,169
Z07627,1794,1682,112
Z07628,6548,6308,240
Z07630,2563,2401,162
Z07631,11721,10675,1046
Z07632,1954,1763,191
Z07640,1564,1564,0
Z07641,1151,1134,17
Z07642,3601,3534,67
Z07643,4616,4237,379
Z07644,9743,9061,682
Z07645,2860,2828,32
Z07646,6205,5979,226
Z07647,1833,1763,70
Z07648,2128,2083,45
Z07649,2738,2633,105
Z07650,7768,7317,451
Z07652,8854,8470,384
Z07656,3295,3201,94
Z07657,4231,4002,229
Z07660,4997,4633,364
Z07661,4057,3949,108
Z07662,1972,1923,49
Z07663,5449,5280,169
Z07666,14074,13321,753
Z07670,4931,4758,173
Z07675,10094,9599,495
Z07676,3359,3200,159
Z07677,2111,2088,23
Z07701,10399,9689,710
Z07702,1457,1370,87
Z07703,245,5,240
Z07704,2074,2027,47
Z07711,845,565,280
Z07712,18001,16025,1976
Z07716,3814,3567,247
Z07717,1318,909,409
Z07718,2408,2382,26
Z07719,10418,8674,1744
Z07720,3172,2152,1020
Z07721,1191,1067,124
Z07722,3374,3285,89
Z07723,1211,351,860
Z07724,9533,8957,576
Z07726,15883,14972,911
Z07727,2843,2719,124
Z07728,20813,19761,1052
Z07730,6163,5934,229
Z07731,12893,12539,354
Z07732,3493,2533,960
Z07733,5942,5617,325
Z07734,6343,5365,978
Z07735,7604,7126,478
Z07737,1530,1427,103
Z07738,2081,2050,31
Z07739,2209,2080,129
Z07740,14996,12100,2896
Z07746,6326,6210,116
Z07747,12255,11566,689
Z07748,9871,9542,329
Z07750,2019,1431,588
Z07751,6357,5996,361
Z07753,16691,15493,1198
Z07755,2360,2106,254
Z07756,3049,1734,1315
Z07757,2248,2137,111
Z07758,1810,1571,239
Z07760,4008,3320,688
Z07762,5270,3801,1469
Z07764,2535,2472,63
Z07801,8574,8034,540
Z07803,1233,1182,51
Z07820,33,33,0
Z07821,3712,3319,393
Z07822,281,281,0
Z07823,3662,3301,361
Z07825,3673,3368,305
Z07826,2838,2360,478
Z07827,1974,1692,282
Z07828,6101,5714,387
Z07830,2749,2407,342
Z07832,1605,1464,141
Z07833,27,27,0
Z07834,7317,6938,379
Z07836,4822,4521,301
Z07838,1461,1397,64
Z07840,12604,11805,799
Z07842,24,24,0
Z07843,5172,4555,617
Z07846,33,33,0
Z07847,518,518,0
Z07848,1726,1539,187
Z07849,3873,3406,467
Z07850,2393,2259,134
Z07851,47,27,20
Z07852,1524,1419,105
Z07853,4507,4334,173
Z07856,2350,1953,397
Z07857,1518,1497,21
Z07860,11402,10025,1377
Z07863,1683,1590,93
Z07865,779,772,7
Z07866,8591,8100,491
Z07869,9261,9020,241
Z07870,8,8,0
Z07871,7738,6989,749
Z07874,3433,3088,345
Z07876,3483,3385,98
Z07878,414,324,90
Z07880,43,43,0
Z07881,17,4,13
Z07882,5822,5344,478
Z07885,3962,3886,76
Z07901,8725,8277,448
Z07920,10091,9719,372
Z07921,4265,3960,305
Z07922,4354,4116,238
Z07924,3087,2786,301
Z07926,32,32,0
Z07927,1506,1415,91
Z07928,7067,6624,443
Z07930,3088,2799,289
Z07931,1241,1112,129
Z07932,4167,3983,184
Z07933,1235,1235,0
Z07934,597,557,40
Z07935,172,172,0
Z07936,4052,3909,143
Z07939,0,0,0
Z07940,5799,5507,292
Z07945,3133,3055,78
Z07946,1023,1023,0
Z07950,7495,7115,380
Z07960,18417,17001,1416
Z07961,0,0,0
Z07970,67,67,0
Z07974,4253,4045,208
Z07976,260,231,29
Z07977,218,203,15
Z07979,156,156,0
Z07980,849,810,39
Z07981,3657,3521,136
Z08001,462,403,59
Z08002,9133,8499,634
Z08003,11116,10704,412
Z08004,4389,3981,408
Z08005,10223,8846,1377
Z08006,1145,253,892
Z08007,2244,2094,150
Z08008,17046,3339,13707
Z08009,4913,4579,334
Z08010,5057,4541,516
Z08011,33,33,0
Z08012,15681,14861,820
Z08014,238,238,0
Z08015,7956,7303,653
Z08016,12846,11771,1075
Z08019,405,364,41
Z08020,939,888,51
Z08021,19964,17933,2031
Z08022,3687,3512,175
Z08023,221,190,31
Z08026,802,779,23
Z08027,2192,2048,144
Z08028,7290,6541,749
Z08029,1945,1855,90
Z08030,5311,4750,561
Z08031,4805,4444,361
Z08033,6607,6365,242
Z08034,7326,6878,448
Z08035,3109,2925,184
Z08036,2267,2174,93
Z08037,9434,8628,806
Z08038,66,40,26
Z08039,58,29,29
Z08041,367,363,4
Z08042,59,43,16
Z08043,11643,10986,657
Z08045,1143,1028,115
Z08046,11170,10359,811
Z08048,4719,4457,262
Z08049,2323,2167,156
Z08050,12863,9431,3432
Z08051,4782,4631,151
Z08052,9074,8262,812
Z08053,18407,17210,1197
Z08054,18364,17216,1148
Z08055,10317,9933,384
Z08056,1527,1516,11
Z08057,7817,7283,534
Z08059,2358,2079,279
Z08060,9546,8845,701
Z08061,1059,945,114
Z08062,5250,5155,95
Z08063,1136,1072,64
Z08064,0,0,0
Z08065,3561,3186,375
Z08066,3944,3417,527
Z08067,660,602,58
Z08068,2885,2777,108
Z08069,5376,4614,762
Z08070,5854,5234,620
Z08071,3932,3633,299
Z08072,98,98,0
Z08073,130,130,0
Z08074,0,0,0
Z08075,11354,10380,974
Z08077,7206,6868,338
Z08078,3351,3086,265
Z08079,4933,4026,907
Z08080,12882,12555,327
Z08081,18215,16413,1802
Z08083,3853,3614,239
Z08084,2858,2601,257
Z08085,7095,6627,468
Z08086,3438,3039,399
Z08087,12971,9979,2992
Z08088,9914,9382,532
Z08089,1755,1610,145
Z08090,3099,2996,103
Z08091,2110,1975,135
Z08092,1481,1311,170
Z08093,4141,3892,249
Z08094,15402,14373,1029
Z08095,103,103,0
Z08096,14844,13714,1130
Z08097,1193,1116,77
Z08098,3769,3382,387
Z08102,2965,2414,551
Z08103,6282,4703,1579
Z08104,10612,8666,1946
Z08105,10246,8745,1501
Z08106,4265,4062,203
Z08107,6101,5189,912
Z08108,8131,7389,742
Z08109,9265,8251,1014
Z08110,6429,5740,689
Z08201,4421,4033,388
Z08202,5575,862,4713
Z08203,9319,4391,4928
Z08204,13346,7753,5593
Z08205,10989,9965,1024
Z08210,7749,6266,1483
Z08212,576,132,444
Z08215,5787,5135,652
Z08217,0,0,0
Z08221,2771,2572,199
Z08223,2546,1701,845
Z08224,188,166,22
Z08225,3212,3055,157
Z08226,20204,5660,14544
Z08230,2624,2117,507
Z08232,6981,6187,794
Z08234,15686,14376,1310
Z08240,0,0,0
Z08241,375,353,22
Z08242,1826,1290,536
Z08243,6885,983,5902
Z08244,5541,4617,924
Z08246,177,87,90
Z08247,3237,435,2802
Z08248,415,80,335
Z08251,6543,4124,2419
Z08260,23896,6204,17692
Z08270,3421,2955,466
Z08302,15380,13801,1579
Z08310,867,725,142
Z08311,778,701,77
Z08312,3111,2926,185
Z08314,157,157,0
Z08316,155,135,20
Z08317,496,474,22
Z08318,4835,4434,401
Z08319,529,439,90
Z08320,0,0,0
Z08321,302,80,222
Z08322,3863,3501,362
Z08323,400,368,32
Z08324,154,123,31
Z08326,691,572,119
Z08327,170,148,22
Z08328,574,500,74
Z08329,93,73,20
Z08330,11505,10558,947
Z08332,14804,13360,1444
Z08340,290,235,55
Z08341,1023,996,27
Z08343,1867,1715,152
Z08344,2111,1874,237
Z08345,424,318,106
Z08346,379,298,81
Z08348,136,124,12
Z08349,1018,823,195
Z08350,438,352,86
Z08352,206,174,32
Z08353,225,194,31
Z08360,16391,14988,1403
Z08361,6906,6286,620
Z08401,19929,15633,4296
Z08402,7256,3285,3971
Z08403,1752,559,1193
Z08406,7603,4274,3329
Z08501,2443,2294,149
Z08502,3810,3646,164
Z08505,7469,6866,603
Z08510,1765,1578,187
Z08511,265,259,6
Z08512,4302,4004,298
Z08514,1757,1718,39
Z08515,1972,1894,78
Z08518,2448,2222,226
Z08520,9979,9437,542
Z08525,2019,1935,84
Z08527,21025,20012,1013
Z08528,70,70,0
Z08530,3442,3211,231
Z08533,2196,2126,70
Z08534,5102,4941,161
Z08535,1814,1799,15
Z08536,8892,8056,836
Z08540,17981,16741,1240
Z08542,1829,1612,217
Z08550,6829,6594,235
Z08551,1832,1769,63
Z08553,262,247,15
Z08554,1641,1505,136
Z08555,305,292,13
Z08558,2434,2312,122
Z08559,2131,1975,156
Z08560,1464,1300,164
Z08561,16,16,0
Z08562,1974,1786,188
Z08608,581,405,176
Z08609,5779,4588,1191
Z08610,12352,11221,1131
Z08611,9792,8015,1777
Z08618,16027,13154,2873
Z08619,9421,8695,726
Z08620,4709,4361,348
Z08628,4177,3940,237
Z08629,4287,3898,389
Z08638,9157,8044,1113
Z08640,1036,887,149
Z08641,1334,1156,178
Z08648,12625,11978,647
Z08690,7422,7328,94
Z08691,6040,5910,130
Z08701,26699,24256,2443
Z08720,255,255,0
Z08721,8558,7646,912
Z08722,3939,3714,225
Z08723,14309,12605,1704
Z08724,18441,16862,1579
Z08730,2159,1857,302
Z08731,9095,7856,1239
Z08732,769,643,126
Z08733,903,823,80
Z08734,3391,3062,329
Z08735,6966,1686,5280
Z08736,6158,4800,1358
Z08738,1804,470,1334
Z08740,1190,838,352
Z08741,1086,942,144
Z08742,12451,9611,2840
Z08750,2023,1431,592
Z08751,5387,1846,3541
Z08752,4382,1301,3081
Z08753,26136,23284,2852
Z08755,10647,10056,591
Z08757,18910,16988,1922
Z08758,3806,3346,460
Z08759,21579,18791,2788
Z08801,2818,2659,159
Z08802,1536,1465,71
Z08804,1071,994,77
Z08805,5210,4367,843
Z08807,13600,13106,494
Z08808,7,7,0
Z08809,2040,1953,87
Z08810,2907,2747,160
Z08812,5005,4683,322
Z08816,17104,16240,864
Z08817,16273,15596,677
Z08820,13886,13268,618
Z08821,104,91,13
Z08822,12164,11674,490
Z08823,3971,3682,289
Z08824,4209,4133,76
Z08825,1805,1634,171
Z08826,2310,2166,144
Z08827,1766,1702,64
Z08828,948,857,91
Z08829,1583,1530,53
Z08830,6294,6039,255
Z08831,20693,19763,930
Z08832,847,834,13
Z08833,3423,3283,140
Z08835,4478,3789,689
Z08836,1341,1319,22
Z08837,6792,6334,458
Z08840,6044,5876,168
Z08844,14106,13367,739
Z08846,5101,4882,219
Z08848,3277,3000,277
Z08850,3195,3059,136
Z08852,6834,6510,324
Z08853,1781,1762,19
Z08854,17344,16609,735
Z08857,15286,14623,663
Z08858,30,30,0
Z08859,8268,7638,630
Z08861,18265,17086,1179
Z08863,4607,4400,207
Z08865,13099,11655,1444
Z08867,1989,1815,174
Z08869,3071,2712,359
Z08872,7484,7152,332
Z08873,20385,18939,1446
Z08876,9290,8134,1156
Z08879,9986,9407,579
Z08880,1851,1605,246
Z08882,5970,5374,596
Z08884,3419,3275,144
Z08886,2467,2327,140
Z08887,584,560,24
Z08889,3844,3689,155
Z08890,0,0,0
Z08901,15747,14329,1418
Z08902,15387,14869,518
Z08904,6046,5690,356
Z10001,13305,11639,1666
Z10002,35691,33348,2343
Z10003,31575,27487,4088
Z10004,2082,1574,508
Z10005,5254,4252,1002
Z10006,2155,1745,410
Z10007,3178,2781,397
Z10009,31531,29770,1761
Z10010,18044,16050,1994
Z10011,34012,29762,4250
Z10012,14340,12470,1870
Z10013,13750,11558,2192
Z10014,21862,18786,3076
Z10016,34644,28390,6254
Z10017,12845,10157,2688
Z10018,5546,4712,834
Z10019,31998,23146,8852
Z10020,0,0,0
Z10021,29445,23739,5706
Z10022,23493,17892,5601
Z10023,40991,32755,8236
Z10024,33948,28675,5273
Z10025,47945,43456,4489
Z10026,16384,14527,1857
Z10027,25538,22937,2601
Z10028,27642,24941,2701
Z10029,32559,30115,2444
Z10030,13217,11891,1326
Z10031,23029,21191,1838
Z10032,21691,20243,1448
Z10033,20484,19548,936
Z10034,16245,15462,783
Z10035,14452,12999,1453
Z10036,18404,15455,2949
Z10037,9856,9109,747
Z10038,10988,9780,1208
Z10039,11265,10631,634
Z10040,16823,16002,821
Z10044,5263,4622,641
Z10065,22375,16742,5633
Z10069,3819,2850,969
Z10075,16688,14145,2543
Z10103,0,0,0
Z10110,0,0,0
Z10111,0,0,0
Z10112,0,0,0
Z10115,0,0,0
Z10119,0,0,0
Z10128,35411,31920,3491
Z10152,0,0,0
Z10153,0,0,0
Z10154,0,0,0
Z10162,808,671,137
Z10165,0,0,0
Z10167,0,0,0
Z10168,0,0,0
Z10169,0,0,0
Z10170,0,0,0
Z10171,0,0,0
Z10172,0,0,0
Z10173,0,0,0
Z10174,0,0,0
Z10177,0,0,0
Z10199,0,0,0
Z10271,0,0,0
Z10278,0,0,0
Z10279,0,0,0
Z10280,5247,4588,659
Z10282,2885,2439,446
Z10301,16071,14063,2008
Z10302,6567,6017,550
Z10303,9071,8029,1042
Z10304,16082,14564,1518
Z10305,16091,14931,1160
Z10306,21634,20215,1419
Z10307,5402,5110,292
Z10308,10940,10675,265
Z10309,11570,11052,518
Z10310,9310,8304,1006
Z10311,0,0,0
Z10312,22355,21530,825
Z10314,33043,31294,1749
Z10451,19269,18140,1129
Z10452,26831,25432,1399
Z10453,28541,26802,1739
Z10454,13768,12790,978
Z10455,14920,14023,897
Z10456,31394,29255,2139
Z10457,25676,23749,1927
Z10458,28205,26349,1856
Z10459,17104,15688,1416
Z10460,21046,19776,1270
Z10461,20621,19086,1535
Z10462,31096,29345,1751
Z10463,29833,27458,2375
Z10464,2258,2024,234
Z10465,16898,15560,1338
Z10466,24681,22891,1790
Z10467,37364,35178,2186
Z10468,26351,24631,1720
Z10469,23730,22014,1716
Z10470,6341,5747,594
Z10471,9701,8620,1081
Z10472,23404,21303,2101
Z10473,21807,20624,1183
Z10474,4162,3613,549
Z10475,18910,18271,639
Z10501,399,399,0
Z10502,1930,1859,71
Z10503,106,106,0
Z10504,2654,2473,181
Z10505,267,267,0
Z10506,2175,1862,313
Z10507,2184,1945,239
Z10509,7119,6589,530
Z10510,3652,3483,169
Z10511,943,830,113
Z10512,10319,9069,1250
Z10514,4228,4019,209
Z10516,2423,2094,329
Z10517,166,161,5
Z10518,538,512,26
Z10519,107,94,13
Z10520,5435,5086,349
Z10522,3815,3685,130
Z10523,3115,2768,347
Z10524,1795,1439,356
Z10526,720,650,70
Z10527,292,279,13
Z10528,4759,4472,287
Z10530,6172,5795,377
Z10532,1677,1664,13
Z10533,2796,2555,241
Z10535,268,268,0
Z10536,3809,3537,272
Z10537,1010,727,283
Z10538,6288,5964,324
Z10541,9381,8821,560
Z10543,8047,7594,453
Z10545,0,0,0
Z10546,481,432,49
Z10547,2794,2565,229
Z10548,1282,1206,76
Z10549,6206,5702,504
Z10550,15174,13308,1866
Z10552,9042,8286,756
Z10553,3563,3320,243
Z10560,2094,1734,360
Z10562,10782,10058,724
Z10566,9935,9072,863
Z10567,7284,6894,390
Z10570,4390,4220,170
Z10573,13510,12500,1010
Z10576,2216,1864,352
Z10577,862,825,37
Z10578,268,268,0
Z10579,3697,3144,553
Z10580,6321,5935,386
Z10583,14334,13702,632
Z10588,1095,1055,40
Z10589,4038,3774,264
Z10590,2807,2557,250
Z10591,9194,8628,566
Z10594,1683,1587,96
Z10595,2332,2232,100
Z10596,753,620,133
Z10597,411,326,85
Z10598,10891,10378,513
Z10601,5720,5327,393
Z10603,7073,6729,344
Z10604,4137,3852,285
Z10605,7095,6777,318
Z10606,5938,5604,334
Z10607,2119,2079,40
Z10701,26016,21624,4392
Z10703,7894,6988,906
Z10704,13200,12307,893
Z10705,15080,13572,1508
Z10706,3434,3268,166
Z10707,4126,4094,32
Z10708,9861,9175,686
Z10709,3876,3621,255
Z10710,10862,10204,658
Z10801,15376,14179,1197
Z10803,4225,3899,326
Z10804,5189,5053,136
Z10805,8060,7740,320
Z10901,9301,8659,642
Z10910,23,23,0
Z10911,0,0,0
Z10913,1709,1619,90
Z10914,91,91,0
Z10915,65,39,26
Z10916,1291,1265,26
Z10917,624,624,0
Z10918,4094,3994,100
Z10919,508,508,0
Z10920,3060,3012,48
Z10921,1426,1404,22
Z10922,713,548,165
Z10923,2688,2623,65
Z10924,5066,4615,451
Z10925,2333,1833,500
Z10926,1524,1393,131
Z10927,3823,3612,211
Z10928,2006,1869,137
Z10930,3104,2797,307
Z10931,386,335,51
Z10932,24,24,0
Z10933,224,224,0
Z10940,19083,17356,1727
Z10941,4939,4687,252
Z10950,14343,12765,1578
Z10952,9881,9245,636
Z10953,72,50,22
Z10954,8951,8614,337
Z10956,10501,10083,418
Z10958,992,865,127
Z10960,6760,6143,617
Z10962,1833,1777,56
Z10963,943,823,120
Z10964,643,573,70
Z10965,5761,5500,261
Z10968,1254,1172,82
Z10969,550,538,12
Z10970,3662,3475,187
Z10973,887,824,63
Z10974,1142,1097,45
Z10975,167,167,0
Z10976,661,661,0
Z10977,16256,15122,1134
Z10979,125,125,0
Z10980,4915,4610,305
Z10983,2025,1897,128
Z10984,875,875,0
Z10985,16,16,0
Z10986,664,599,65
Z10987,1564,1385,179
Z10988,356,320,36
Z10989,3608,3435,173
Z10990,7834,7283,551
Z10992,3557,3165,392
Z10993,1528,1513,15
Z10994,2555,2555,0
Z10996,881,814,67
Z10998,916,860,56
Z11001,9536,9131,405
Z11003,12598,12042,556
Z11004,5028,4862,166
Z11005,1818,1522,296
Z11010,8263,7827,436
Z11020,2065,1958,107
Z11021,8227,7468,759
Z11023,3343,3021,322
Z11024,2286,2143,143
Z11030,6541,5962,579
Z11040,13528,12945,583
Z11042,0,0,0
Z11050,12103,11047,1056
Z11096,2679,2507,172
Z11101,12989,11772,1217
Z11102,15533,14039,1494
Z11103,18029,16607,1422
Z11104,12349,11540,809
Z11105,16841,15532,1309
Z11106,18561,17004,1557
Z11109,3077,2560,517
Z11201,28807,25664,3143
Z11203,30023,27447,2576
Z11204,26307,24480,1827
Z11205,16871,15198,1673
Z11206,31686,29525,2161
Z11207,35581,32005,3576
Z11208,35583,29806,5777
Z11209,33265,30483,2782
Z11210,23535,21925,1610
Z11211,39665,37381,2284
Z11212,34087,31443,2644
Z11213,26560,24163,2397
Z11214,33320,31512,1808
Z11215,31159,29182,1977
Z11216,26721,23048,3673
Z11217,18280,16797,1483
Z11218,26248,24909,1339
Z11219,28493,26390,2103
Z11220,31817,29399,2418
Z11221,33376,28918,4458
Z11222,18317,16689,1628
Z11223,29772,27532,2240
Z11224,19901,18064,1837
Z11225,24842,23133,1709
Z11226,39457,36009,3448
Z11228,16467,15285,1182
Z11229,32917,30764,2153
Z11230,32400,30653,1747
Z11231,16446,15265,1181
Z11232,9382,8784,598
Z11233,30899,26987,3912
Z11234,34442,32185,2257
Z11235,35697,32065,3632
Z11236,34589,32442,2147
Z11237,17820,16582,1238
Z11238,25974,23310,2664
Z11239,6576,6362,214
Z11351,0,0,0
Z11354,22012,20006,2006
Z11355,30133,27354,2779
Z11356,8366,7712,654
Z11357,16023,14846,1177
Z11358,14019,13114,905
Z11359,0,0,0
Z11360,9220,8567,653
Z11361,11300,10606,694
Z11362,7269,7068,201
Z11363,2847,2649,198
Z11364,13842,13205,637
Z11365,16374,15764,610
Z11366,4694,4191,503
Z11367,15572,14644,928
Z11368,31108,29095,2013
Z11369,12693,11482,1211
Z11370,10098,8809,1289
Z11371,0,0,0
Z11372,26239,24793,1446
Z11373,34013,31351,2662
Z11374,20761,19483,1278
Z11375,34761,32272,2489
Z11377,33840,31455,2385
Z11378,13563,12411,1152
Z11379,14630,13528,1102
Z11385,38086,34937,3149
Z11411,6393,6022,371
Z11412,11572,10871,701
Z11413,13090,12339,751
Z11414,11622,10654,968
Z11415,9244,8250,994
Z11416,7814,7134,680
Z11417,10243,9450,793
Z11418,12350,11371,979
Z11419,13119,12357,762
Z11420,14142,13474,668
Z11421,13093,12228,865
Z11422,10030,9620,410
Z11423,10418,9793,625
Z11424,0,0,0
Z11425,0,0,0
Z11426,6705,6191,514
Z11427,8087,7739,348
Z11428,5929,5620,309
Z11429,7787,7318,469
Z11430,0,0,0
Z11432,19600,18362,1238
Z11433,11708,10394,1314
Z11434,22014,20731,1283
Z11435,19612,18486,1126
Z11436,6014,5454,560
Z11451,0,0,0
Z11501,7664,7238,426
Z11507,2514,2362,152
Z11509,1213,892,321
Z11510,11286,10657,629
Z11514,1791,1704,87
Z11516,2478,2255,223
Z11518,4188,3952,236
Z11520,14201,13456,745
Z11530,9816,9365,451
Z11542,10296,9709,587
Z11545,4415,4204,211
Z11547,295,295,0
Z11548,444,419,25
Z11549,0,0,0
Z11550,17947,16572,1375
Z11552,7447,7163,284
Z11553,6568,6031,537
Z11554,12837,12318,519
Z11556,0,0,0
Z11557,2702,2363,339
Z11558,3363,3088,275
Z11559,3171,2737,434
Z11560,2522,2301,221
Z11561,18633,16199,2434
Z11563,8743,8238,505
Z11565,3277,3191,86
Z11566,11526,10981,545
Z11568,1030,913,117
Z11569,760,536,224
Z11570,10339,9945,394
Z11572,10679,10219,460
Z11575,4550,4282,268
Z11576,4669,4501,168
Z11577,4347,4114,233
Z11579,1996,1954,42
Z11580,13362,12728,634
Z11581,6966,6773,193
Z11590,14781,14084,697
Z11596,3712,3553,159
Z11598,4112,3764,348
Z11691,21532,19607,1925
Z11692,7230,6249,981
Z11693,5041,4512,529
Z11694,9367,7956,1411
Z11697,2411,1520,891
Z11701,9549,8663,886
Z11702,5632,5141,491
Z11703,5786,5511,275
Z11704,13562,12955,607
Z11705,2813,2631,182
Z11706,21962,19458,2504
Z11709,2647,2410,237
Z11710,11673,11363,310
Z11713,3604,3273,331
Z11714,8221,7831,390
Z11715,1724,1607,117
Z11716,3825,3676,149
Z11717,14777,13800,977
Z11718,1091,1086,5
Z11719,1191,1038,153
Z11720,9465,8977,488
Z11721,2455,2302,153
Z11722,10453,9789,664
Z11724,1070,955,115
Z11725,9925,9675,250
Z11726,6737,6343,394
Z11727,11951,11242,709
Z11729,9578,9233,345
Z11730,4781,4461,320
Z11731,10448,10022,426
Z11732,1513,1442,71
Z11733,6136,5701,435
Z11735,11743,11062,681
Z11738,5466,5226,240
Z11739,449,444,5
Z11740,3577,3345,232
Z11741,9587,9210,377
Z11742,4660,4518,142
Z11743,16042,15143,899
Z11746,22457,21259,1198
Z11747,7439,7092,347
Z11749,1049,974,75
Z11751,5539,5161,378
Z11752,3227,2987,240
Z11753,4213,4077,136
Z11754,6980,6612,368
Z11755,4242,4093,149
Z11756,13883,13459,424
Z11757,16156,15141,1015
Z11758,19263,18171,1092
Z11762,7602,7385,217
Z11763,9974,9347,627
Z11764,4422,4100,322
Z11765,354,276,78
Z11766,4484,4323,161
Z11767,4918,4745,173
Z11768,8472,7823,649
Z11769,4026,3256,770
Z11770,1176,34,1142
Z11771,3878,3480,398
Z11772,17930,16736,1194
Z11776,8565,8115,450
Z11777,3817,3596,221
Z11778,4921,4268,653
Z11779,13376,12954,422
Z11780,5639,5213,426
Z11782,6734,5421,1313
Z11783,7278,7102,176
Z11784,8519,8039,480
Z11786,1997,1886,111
Z11787,12360,11926,434
Z11788,5848,5560,288
Z11789,3068,2728,340
Z11790,4936,4702,234
Z11791,8436,8119,317
Z11792,3326,3077,249
Z11793,10860,10414,446
Z11794,0,0,0
Z11795,8247,7997,250
Z11796,1300,1253,47
Z11797,3213,3001,212
Z11798,4308,3970,338
Z11801,13459,12796,663
Z11803,9841,9543,298
Z11804,1734,1666,68
Z11901,11722,9911,1811
Z11930,2355,599,1756
Z11931,17,17,0
Z11932,2039,425,1614
Z11933,3318,2574,744
Z11934,2740,2439,301
Z11935,2071,1316,755
Z11937,13112,6530,6582
Z11939,1096,462,634
Z11940,2174,1918,256
Z11941,866,783,83
Z11942,2791,1592,1199
Z11944,2873,1814,1059
Z11946,8465,5210,3255
Z11947,171,81,90
Z11948,940,509,431
Z11949,5155,4897,258
Z11950,5287,4903,384
Z11951,5337,4600,737
Z11952,2571,1883,688
Z11953,5511,5151,360
Z11954,4696,1734,2962
Z11955,1602,1500,102
Z11956,332,167,165
Z11957,865,353,512
Z11958,496,237,259
Z11959,1515,383,1132
Z11960,973,301,672
Z11961,5997,5182,815
Z11962,838,165,673
Z11963,5823,2832,2991
Z11964,2076,862,1214
Z11965,825,267,558
Z11967,8678,7814,864
Z11968,8815,4359,4456
Z11970,468,150,318
Z11971,4201,2660,1541
Z11972,567,398,169
Z11973,147,0,147
Z11975,700,164,536
Z11976,2148,1019,1129
Z11977,1558,882,676
Z11978,3945,1314,2631
Z11980,1751,1643,108
Z12007,33,8,25
Z12008,201,201,0
Z12009,3165,2882,283
Z12010,14029,11735,2294
Z12015,1469,1019,450
Z12017,304,130,174
Z12018,3409,2787,622
Z12019,5880,5678,202
Z12020,13651,12623,1028
Z12022,479,386,93
Z12023,1044,833,211
Z12024,26,26,0
Z12025,3010,2202,808
Z12027,1530,1441,89
Z12028,342,342,0
Z12029,790,414,376
Z12031,78,58,20
Z12032,1214,366,848
Z12033,3365,3084,281
Z12035,390,326,64
Z12036,155,92,63
Z12037,2193,1711,482
Z12040,63,53,10
Z12041,262,194,68
Z12042,92,92,0
Z12043,3552,2981,571
Z12045,251,156,95
Z12046,367,341,26
Z12047,9512,8277,1235
Z12051,1917,1511,406
Z12052,705,615,90
Z12053,1847,1426,421
Z12054,6997,6716,281
Z12056,1000,792,208
Z12057,917,862,55
Z12058,900,720,180
Z12059,979,665,314
Z12060,852,582,270
Z12061,3950,3763,187
Z12062,778,666,112
Z12063,120,120,0
Z12064,312,194,118
Z12065,18400,17390,1010
Z12066,912,794,118
Z12067,578,570,8
Z12068,1296,1211,85
Z12069,85,60,25
Z12070,709,662,47
Z12071,173,118,55
Z12072,1158,954,204
Z12074,1613,1206,407
Z12075,1351,1167,184
Z12076,1436,630,806
Z12077,2645,2430,215
Z12078,12054,9649,2405
Z12083,1747,1515,232
Z12084,2206,2067,139
Z12085,245,197,48
Z12086,900,750,150
Z12087,443,395,48
Z12089,64,64,0
Z12090,2706,2371,335
Z12092,506,326,180
Z12093,1293,702,591
Z12094,1094,899,195
Z12095,5374,4988,386
Z12106,1230,1034,196
Z12108,941,147,794
Z12110,8086,7707,379
Z12115,152,106,46
Z12116,1295,855,440
Z12117,2121,1436,685
Z12118,6361,5865,496
Z12120,364,254,110
Z12121,723,723,0
Z12122,2797,1979,818
Z12123,2305,2122,183
Z12124,256,213,43
Z12125,845,651,194
Z12130,384,336,48
Z12131,97,48,49
Z12132,139,117,22
Z12134,2954,1422,1532
Z12136,454,379,75
Z12137,696,614,82
Z12138,1969,1372,597
Z12139,739,77,662
Z12140,674,634,40
Z12143,2225,2131,94
Z12144,9372,8608,764
Z12147,313,182,131
Z12148,1968,1812,156
Z12149,1277,938,339
Z12150,375,304,71
Z12151,392,363,29
Z12153,461,325,136
Z12154,1108,1044,64
Z12155,1083,726,357
Z12156,403,403,0
Z12157,1900,1666,234
Z12158,2687,2553,134
Z12159,3563,3317,246
Z12160,386,342,44
Z12161,34,34,0
Z12164,547,85,462
Z12165,77,66,11
Z12166,606,527,79
Z12167,1604,1134,470
Z12168,1005,802,203
Z12169,175,166,9
Z12170,1941,1817,124
Z12172,195,126,69
Z12173,800,710,90
Z12174,124,114,10
Z12175,504,247,257
Z12176,176,127,49
Z12177,273,250,23
Z12180,24637,21143,3494
Z12182,6817,6189,628
Z12183,1252,1078,174
Z12184,3214,2642,572
Z12185,862,798,64
Z12186,2735,2521,214
Z12187,348,199,149
Z12188,4962,4730,232
Z12189,8842,7946,896
Z12190,760,266,494
Z12192,766,604,162
Z12193,954,788,166
Z12194,157,66,91
Z12195,112,112,0
Z12196,1308,1308,0
Z12197,1361,932,429
Z12198,3126,2919,207
Z12202,5276,3993,1283
Z12203,14193,13201,992
Z12204,3819,3329,490
Z12205,12095,11367,728
Z12206,7802,5996,1806
Z12207,1111,933,178
Z12208,10742,9660,1082
Z12209,4805,4560,245
Z12210,5865,4497,1368
Z12211,4511,4283,228
Z12222,0,0,0
Z12302,11708,10496,1212
Z12303,12977,10826,2151
Z12304,9826,8581,1245
Z12305,3074,2342,732
Z12306,11383,9526,1857
Z12307,3610,2275,1335
Z12308,6853,5195,1658
Z12309,11884,11031,853
Z12401,16146,14401,1745
Z12404,1894,1380,514
Z12405,405,263,142
Z12406,786,438,348
Z12407,173,90,83
Z12409,510,328,182
Z12410,602,281,321
Z12411,177,160,17
Z12412,413,298,115
Z12413,1625,1186,439
Z12414,5042,3884,1158
Z12416,135,99,36
Z12417,258,242,16
Z12418,397,151,246
Z12419,281,213,68
Z12420,299,204,95
Z12421,688,189,499
Z12422,228,117,111
Z12423,829,466,363
Z12424,405,139,266
Z12427,441,144,297
Z12428,3317,2363,954
Z12429,71,71,0
Z12430,1123,484,639
Z12431,854,563,291
Z12432,240,240,0
Z12433,286,201,85
Z12434,437,275,162
Z12435,273,120,153
Z12436,381,178,203
Z12438,34,34,0
Z12439,508,158,350
Z12440,1122,949,173
Z12441,136,14,122
Z12442,1560,379,1181
Z12443,1702,1506,196
Z12444,678,216,462
Z12446,2615,1948,667
Z12448,333,251,82
Z12449,1230,1178,52
Z12450,74,39,35
Z12451,826,583,243
Z12452,201,70,131
Z12453,134,116,18
Z12454,294,111,183
Z12455,1801,927,874
Z12456,210,210,0
Z12457,668,455,213
Z12458,1282,916,366
Z12459,244,105,139
Z12460,139,83,56
Z12461,1025,827,198
Z12463,764,493,271
Z12464,794,424,370
Z12465,290,82,208
Z12466,1037,950,87
Z12468,919,439,480
Z12469,678,338,340
Z12470,345,202,143
Z12471,146,146,0
Z12472,842,707,135
Z12473,541,375,166
Z12474,933,506,427
Z12475,160,137,23
Z12477,8603,7394,1209
Z12480,663,375,288
Z12481,727,606,121
Z12482,316,243,73
Z12483,351,177,174
Z12484,1426,1071,355
Z12485,1044,430,614
Z12486,583,514,69
Z12487,1380,1208,172
Z12489,212,151,61
Z12490,48,0,48
Z12491,876,705,171
Z12492,392,163,229
Z12493,188,144,44
Z12494,530,318,212
Z12495,286,168,118
Z12496,2307,624,1683
Z12498,3044,2335,709
Z12501,1201,1028,173
Z12502,729,427,302
Z12503,545,339,206
Z12504,43,24,19
Z12507,104,68,36
Z12508,7813,7152,661
Z12512,49,49,0
Z12513,356,263,93
Z12514,1403,1077,326
Z12515,638,621,17
Z12516,1198,803,395
Z12517,290,243,47
Z12518,2504,2235,269
Z12520,1182,1159,23
Z12521,1122,509,613
Z12522,2471,2131,340
Z12523,873,682,191
Z12524,6489,6064,425
Z12525,1297,1034,263
Z12526,1973,1586,387
Z12527,37,37,0
Z12528,5875,5148,727
Z12529,1800,1016,784
Z12530,67,67,0
Z12531,1533,1230,303
Z12533,9353,8578,775
Z12534,8723,7371,1352
Z12538,5555,5096,459
Z12540,2954,2695,259
Z12542,2575,2263,312
Z12543,1371,1232,139
Z12545,2555,2005,550
Z12546,1473,1142,331
Z12547,1159,1074,85
Z12548,632,590,42
Z12549,4020,3753,267
Z12550,21319,18197,3122
Z12553,10382,9430,952
Z12561,7130,6365,765
Z12563,2843,2437,406
Z12564,2800,2508,292
Z12565,730,567,163
Z12566,4162,3675,487
Z12567,1562,1226,336
Z12569,4327,4065,262
Z12570,2747,2481,266
Z12571,4561,3955,606
Z12572,4380,3769,611
Z12574,134,89,45
Z12575,654,654,0
Z12577,460,439,21
Z12578,942,802,140
Z12580,1808,1590,218
Z12581,990,778,212
Z12582,1458,1368,90
Z12583,1009,893,116
Z12585,294,274,20
Z12586,4581,4190,391
Z12589,5196,4804,392
Z12590,13974,12876,1098
Z12592,612,460,152
Z12594,1718,1443,275
Z12601,17382,15544,1838
Z12603,16449,15243,1206
Z12604,5,5,0
Z12701,6754,4394,2360
Z12719,786,499,287
Z12720,179,82,97
Z12721,2630,2087,543
Z12722,84,84,0
Z12723,1314,723,591
Z12724,211,149,62
Z12725,363,90,273
Z12726,890,511,379
Z12729,947,768,179
Z12732,661,381,280
Z12733,981,274,707
Z12734,672,388,284
Z12736,148,67,81
Z12737,1258,734,524
Z12738,251,180,71
Z12740,989,648,341
Z12741,274,136,138
Z12742,99,51,48
Z12743,266,136,130
Z12745,113,70,43
Z12746,508,413,95
Z12747,855,470,385
Z12748,1141,763,378
Z12749,418,185,233
Z12750,133,95,38
Z12751,485,343,142
Z12752,276,117,159
Z12754,3275,2507,768
Z12758,3129,1776,1353
Z12759,1363,460,903
Z12760,497,212,285
Z12762,321,166,155
Z12763,591,297,294
Z12764,1405,752,653
Z12765,508,401,107
Z12766,274,172,102
Z12767,74,9,65
Z12768,948,334,614
Z12769,128,85,43
Z12770,177,91,86
Z12771,6265,5413,852
Z12775,1528,816,712
Z12776,2000,859,1141
Z12777,574,353,221
Z12778,1075,172,903
Z12779,1516,746,770
Z12780,1138,925,213
Z12781,170,95,75
Z12783,1288,632,656
Z12784,58,36,22
Z12785,389,351,38
Z12786,863,209,654
Z12787,237,153,84
Z12788,1312,740,572
Z12789,1716,837,879
Z12790,3111,1872,1239
Z12791,454,325,129
Z12792,246,120,126
Z12801,7193,6443,750
Z12803,3576,3367,209
Z12804,11918,10585,1333
Z12808,718,207,511
Z12809,1764,1379,385
Z12810,382,290,92
Z12811,87,32,55
Z12812,324,26,298
Z12814,1757,586,1171
Z12815,1160,443,717
Z12816,2556,2013,543
Z12817,2230,938,1292
Z12819,248,143,105
Z12821,190,178,12
Z12822,2870,2324,546
Z12823,191,151,40
Z12824,906,459,447
Z12827,1823,1413,410
Z12828,4143,3670,473
Z12831,6707,6519,188
Z12832,3102,2676,426
Z12833,2020,1711,309
Z12834,2749,2467,282
Z12835,2960,1045,1915
Z12836,741,292,449
Z12837,345,325,20
Z12838,288,260,28
Z12839,5659,5251,408
Z12841,297,62,235
Z12842,1498,279,1219
Z12843,508,221,287
Z12844,294,122,172
Z12845,3620,1981,1639
Z12846,2006,1234,772
Z12847,1332,115,1217
Z12849,198,186,12
Z12850,1446,1139,307
Z12851,426,112,314
Z12852,694,205,489
Z12853,1153,501,652
Z12855,319,93,226
Z12856,220,26,194
Z12857,507,208,299
Z12858,303,19,284
Z12859,974,954,20
Z12860,532,234,298
Z12861,705,321,384
Z12862,34,5,29
Z12863,263,263,0
Z12864,164,22,142
Z12865,1937,1614,323
Z12866,18313,15706,2607
Z12870,1796,394,1402
Z12871,1843,1639,204
Z12872,70,15,55
Z12873,340,313,27
Z12874,388,84,304
Z12878,614,322,292
Z12883,2739,2048,691
Z12884,184,126,58
Z12885,2510,1820,690
Z12886,208,80,128
Z12887,2516,2021,495
Z12901,14776,13231,1545
Z12903,722,646,76
Z12910,762,626,136
Z12911,12,12,0
Z12912,1210,824,386
Z12913,704,570,134
Z12914,424,351,73
Z12916,913,791,122
Z12917,587,522,65
Z12918,1007,885,122
Z12919,1305,1207,98
Z12920,1503,1021,482
Z12921,1115,926,189
Z12922,130,22,108
Z12923,345,243,102
Z12924,78,51,27
Z12926,949,840,109
Z12927,595,110,485
Z12928,1131,755,376
Z12929,440,373,67
Z12930,388,300,88
Z12932,812,558,254
Z12933,6,3,3
Z12934,481,401,80
Z12935,876,580,296
Z12936,484,206,278
Z12937,726,651,75
Z12939,117,108,9
Z12941,927,555,372
Z12942,650,375,275
Z12943,540,100,440
Z12944,2195,1748,447
Z12945,606,190,416
Z12946,3901,2359,1542
Z12950,479,344,135
Z12952,322,227,95
Z12953,5495,4745,750
Z12955,324,167,157
Z12956,470,373,97
Z12957,885,844,41
Z12958,829,829,0
Z12959,624,592,32
Z12960,606,510,96
Z12961,136,136,0
Z12962,2382,2352,30
Z12964,154,48,106
Z12965,233,209,24
Z12966,1375,1248,127
Z12967,450,417,33
Z12969,538,185,353
Z12970,275,130,145
Z12972,2455,2318,137
Z12973,139,76,63
Z12974,722,524,198
Z12975,202,159,43
Z12976,228,95,133
Z12977,38,38,0
Z12978,100,100,0
Z12979,1138,1048,90
Z12980,1315,605,710
Z12981,1150,1052,98
Z12983,4798,3428,1370
Z12985,594,576,18
Z12986,3858,2522,1336
Z12987,169,155,14
Z12989,836,425,411
Z12992,2356,2176,180
Z12993,1179,616,563
Z12996,1665,910,755
Z12997,807,525,282
Z12998,220,163,57
Z13020,45,45,0
Z13021,18429,16562,1867
Z13024,0,0,0
Z13026,902,612,290
Z13027,14060,13052,1008
Z13028,860,556,304
Z13029,3112,2874,238
Z13030,1885,1637,248
Z13031,6374,6145,229
Z13032,6108,5295,813
Z13033,1605,1372,233
Z13034,1174,774,400
Z13035,3700,3147,553
Z13036,3557,3164,393
Z13037,3597,3245,352
Z13039,6867,6590,277
Z13040,1285,990,295
Z13041,4042,3846,196
Z13042,1389,1042,347
Z13044,1179,937,242
Z13045,12063,10747,1316
Z13051,73,73,0
Z13052,1087,677,410
Z13053,1981,1848,133
Z13054,724,636,88
Z13057,6849,6467,382
Z13060,1196,1126,70
Z13061,735,458,277
Z13062,77,77,0
Z13063,710,653,57
Z13064,111,11,100
Z13066,5484,5214,270
Z13068,2479,2331,148
Z13069,10463,9280,1183
Z13071,414,353,61
Z13072,418,268,150
Z13073,2811,2676,135
Z13074,1835,1703,132
Z13076,921,895,26
Z13077,2971,2539,432
Z13078,3884,3816,68
Z13080,1740,1392,348
Z13081,670,439,231
Z13082,1960,1758,202
Z13083,746,615,131
Z13084,1763,1677,86
Z13087,105,96,9
Z13088,10950,10247,703
Z13090,12565,11998,567
Z13092,1101,1003,98
Z13101,1007,891,116
Z13102,9,9,0
Z13103,162,162,0
Z13104,6127,5911,216
Z13108,2610,2500,110
Z13110,1289,932,357
Z13111,693,612,81
Z13112,830,722,108
Z13113,99,90,9
Z13114,2951,2454,497
Z13115,120,92,28
Z13116,1480,1409,71
Z13117,95,95,0
Z13118,2807,2131,676
Z13120,767,726,41
Z13122,432,399,33
Z13123,128,82,46
Z13124,62,39,23
Z13126,15752,13647,2105
Z13131,1486,1269,217
Z13132,1588,1426,162
Z13134,43,35,8
Z13135,2821,2663,158
Z13136,287,189,98
Z13138,0,0,0
Z13140,1973,1726,247
Z13141,283,214,69
Z13142,3423,2435,988
Z13143,1369,1060,309
Z13144,901,615,286
Z13145,1196,826,370
Z13146,989,849,140
Z13147,505,459,46
Z13148,5320,4580,740
Z13152,4497,3375,1122
Z13153,107,83,24
Z13155,374,283,91
Z13156,1325,910,415
Z13157,849,364,485
Z13158,741,594,147
Z13159,2276,2031,245
Z13160,950,802,148
Z13162,318,214,104
Z13163,180,160,20
Z13164,944,892,52
Z13165,4624,4306,318
Z13166,2369,2214,155
Z13167,1186,1119,67
Z13202,2686,2264,422
Z13203,8370,6957,1413
Z13204,9891,8027,1864
Z13205,8668,7266,1402
Z13206,8488,7758,730
Z13207,6088,5148,940
Z13208,10237,8560,1677
Z13209,6067,5632,435
Z13210,8886,7559,1327
Z13211,2843,2624,219
Z13212,9259,8839,420
Z13214,3417,3090,327
Z13215,6047,5659,388
Z13219,6712,6276,436
Z13224,3885,3478,407
Z13290,0,0,0
Z13301,84,43,41
Z13302,988,621,367
Z13303,523,481,42
Z13304,774,685,89
Z13305,118,106,12
Z13308,1489,1357,132
Z13309,2666,2230,436
Z13310,369,180,189
Z13312,792,214,578
Z13313,238,191,47
Z13314,249,221,28
Z13315,676,521,155
Z13316,3049,2583,466
Z13317,1566,1340,226
Z13318,479,438,41
Z13319,366,322,44
Z13320,1170,907,263
Z13321,587,567,20
Z13322,482,353,129
Z13323,4356,3958,398
Z13324,1453,896,557
Z13325,634,419,215
Z13326,3563,2392,1171
Z13327,1238,780,458
Z13328,587,557,30
Z13329,1883,1599,284
Z13331,947,117,830
Z13332,1101,879,222
Z13333,45,27,18
Z13334,776,449,327
Z13335,750,610,140
Z13337,336,265,71
Z13338,1508,501,1007
Z13339,2983,2530,453
Z13340,3421,3064,357
Z13341,61,61,0
Z13342,95,86,9
Z13343,1168,691,477
Z13345,108,74,34
Z13346,2372,1662,710
Z13348,697,529,168
Z13350,4758,4246,512
Z13352,77,49,28
Z13353,313,17,296
Z13354,1384,1227,157
Z13355,310,300,10
Z13357,4991,4733,258
Z13360,1051,127,924
Z13361,449,354,95
Z13362,48,48,0
Z13363,1000,862,138
Z13364,101,45,56
Z13365,4218,3572,646
Z13367,4197,3365,832
Z13368,636,515,121
Z13402,800,664,136
Z13403,1690,1624,66
Z13404,80,80,0
Z13406,337,285,52
Z13407,2288,2103,185
Z13408,1102,880,222
Z13409,1002,885,117
Z13410,88,88,0
Z13411,1755,1392,363
Z13413,7098,6658,440
Z13415,47,30,17
Z13416,1011,867,144
Z13417,1868,1571,297
Z13418,94,94,0
Z13420,2935,559,2376
Z13421,6088,5355,733
Z13424,968,898,70
Z13425,978,914,64
Z13428,713,617,96
Z13431,820,696,124
Z13433,912,758,154
Z13435,106,83,23
Z13436,577,26,551
Z13437,655,189,466
Z13438,2159,1588,571
Z13439,2509,1618,891
Z13440,19093,16981,2112
Z13441,0,0,0
Z13450,46,39,7
Z13452,2078,1732,346
Z13454,399,283,116
Z13456,1861,1666,195
Z13459,1115,891,224
Z13460,1960,1763,197
Z13461,1296,1296,0
Z13464,609,478,131
Z13468,158,148,10
Z13469,366,366,0
Z13470,577,291,286
Z13471,1506,1251,255
Z13472,290,112,178
Z13473,406,226,180
Z13475,30,23,7
Z13476,1529,1363,166
Z13477,557,557,0
Z13478,1106,1088,18
Z13480,1492,1381,111
Z13483,149,98,51
Z13484,67,67,0
Z13485,526,428,98
Z13486,364,323,41
Z13488,71,50,21
Z13489,313,235,78
Z13490,620,606,14
Z13491,1521,1404,117
Z13492,5361,4966,395
Z13493,919,658,261
Z13494,583,123,460
Z13495,964,954,10
Z13501,16590,14350,2240
Z13502,14917,12961,1956
Z13601,17524,15635,1889
Z13602,106,106,0
Z13603,3691,3552,139
Z13605,2368,1909,459
Z13606,1176,1105,71
Z13607,1729,813,916
Z13608,613,542,71
Z13612,1199,1069,130
Z13613,1142,958,184
Z13614,149,108,41
Z13615,473,421,52
Z13616,904,835,69
Z13617,3929,3399,530
Z13618,2256,793,1463
Z13619,4488,4046,442
Z13620,888,790,98
Z13621,300,197,103
Z13622,1441,948,493
Z13623,59,18,41
Z13624,3656,1964,1692
Z13625,1124,848,276
Z13626,1257,916,341
Z13628,81,80,1
Z13630,546,491,55
Z13633,178,115,63
Z13634,2322,1609,713
Z13635,518,399,119
Z13636,112,108,4
Z13637,1875,1723,152
Z13638,118,90,28
Z13639,124,81,43
Z13640,905,187,718
Z13641,214,44,170
Z13642,4309,3547,762
Z13643,0,0,0
Z13646,2799,1037,1762
Z13647,46,30,16
Z13648,1553,822,731
Z13650,1402,612,790
Z13651,218,100,118
Z13652,983,730,253
Z13654,1061,863,198
Z13655,1368,1323,45
Z13656,1280,1090,190
Z13658,903,789,114
Z13659,361,197,164
Z13660,779,726,53
Z13661,944,619,325
Z13662,7681,7190,491
Z13664,280,179,101
Z13665,461,340,121
Z13666,189,105,84
Z13667,1210,1113,97
Z13668,1572,1391,181
Z13669,7369,6104,1265
Z13670,387,205,182
Z13672,701,347,354
Z13673,885,857,28
Z13674,62,36,26
Z13675,28,28,0
Z13676,5643,5228,415
Z13677,70,70,0
Z13678,116,116,0
Z13679,1639,706,933
Z13680,643,535,108
Z13681,338,297,41
Z13682,393,321,72
Z13684,705,473,232
Z13685,1466,1087,379
Z13687,755,251,504
Z13690,498,322,176
Z13691,1587,1127,460
Z13692,435,45,390
Z13693,1074,207,867
Z13694,733,643,90
Z13695,226,45,181
Z13696,102,55,47
Z13697,1082,891,191
Z13730,1658,1210,448
Z13731,1285,450,835
Z13732,3081,2896,185
Z13733,2538,2007,531
Z13734,1035,874,161
Z13736,917,748,169
Z13739,649,348,301
Z13740,510,207,303
Z13743,1514,1344,170
Z13744,524,510,14
Z13746,920,831,89
Z13748,1519,1407,112
Z13750,597,366,231
Z13751,70,70,0
Z13752,605,308,297
Z13753,2149,1697,452
Z13754,2177,1473,704
Z13755,939,555,384
Z13756,560,213,347
Z13757,669,471,198
Z13760,20754,18735,2019
Z13774,112,66,46
Z13775,1027,634,393
Z13776,298,230,68
Z13777,243,186,57
Z13778,2679,2264,415
Z13780,602,473,129
Z13782,511,291,220
Z13783,2158,1028,1130
Z13784,77,69,8
Z13786,344,201,143
Z13787,1800,1408,392
Z13788,634,419,215
Z13790,8694,7738,956
Z13794,20,12,8
Z13795,1550,1507,43
Z13796,694,544,150
Z13797,854,777,77
Z13801,1030,537,493
Z13802,242,144,98
Z13803,1756,1547,209
Z13804,243,202,41
Z13806,105,74,31
Z13807,740,504,236
Z13808,872,657,215
Z13809,870,727,143
Z13810,690,519,171
Z13811,2000,1786,214
Z13812,1065,935,130
Z13813,459,281,178
Z13815,6289,5265,1024
Z13820,8542,7521,1021
Z13825,1627,1411,216
Z13826,100,13,87
Z13827,5632,5034,598
Z13830,2555,2028,527
Z13832,373,252,121
Z13833,1899,1790,109
Z13834,82,44,38
Z13835,655,535,120
Z13838,2530,2116,414
Z13839,692,488,204
Z13841,372,240,132
Z13842,361,152,209
Z13843,1054,777,277
Z13844,336,265,71
Z13845,69,69,0
Z13846,148,111,37
Z13847,44,12,32
Z13849,2108,1652,456
Z13850,9802,8968,834
Z13856,4008,2804,1204
Z13859,112,106,6
Z13860,21,21,0
Z13861,148,133,15
Z13862,1901,1687,214
Z13863,363,247,116
Z13864,501,466,35
Z13865,2951,2428,523
Z13901,9335,8156,1179
Z13902,0,0,0
Z13903,8789,7844,945
Z13904,4167,3725,442
Z13905,13395,11311,2084
Z14001,4047,3883,164
Z14004,4288,4111,177
Z14005,702,696,6
Z14006,5035,4221,814
Z14008,648,518,130
Z14009,2693,2300,393
Z14011,2721,2551,170
Z14012,1049,894,155
Z14013,808,762,46
Z14020,10292,9657,635
Z14024,871,661,210
Z14025,1337,1216,121
Z14026,316,291,25
Z14028,711,564,147
Z14030,699,609,90
Z14031,4136,4015,121
Z14032,2797,2663,134
Z14033,1008,947,61
Z14034,915,824,91
Z14035,15,15,0
Z14036,2392,2091,301
Z14037,412,396,16
Z14039,53,45,8
Z14040,868,816,52
Z14041,130,112,18
Z14042,1879,1570,309
Z14043,11169,10611,558
Z14047,2835,2600,235
Z14048,7307,6284,1023
Z14051,7841,7668,173
Z14052,7107,6598,509
Z14054,612,561,51
Z14055,648,633,15
Z14057,3344,3143,201
Z14058,846,756,90
Z14059,4272,4074,198
Z14060,267,184,83
Z14061,157,138,19
Z14062,1491,1239,252
Z14063,6166,5269,897
Z14065,925,744,181
Z14066,546,452,94
Z14067,2281,2018,263
Z14068,2942,2828,114
Z14069,441,368,73
Z14070,2294,2002,292
Z14072,8320,7862,458
Z14075,18330,17805,525
Z14080,1859,1738,121
Z14081,1692,1259,433
Z14082,198,174,24
Z14085,2672,2476,196
Z14086,13080,12379,701
Z14091,426,372,54
Z14092,5089,4696,393
Z14094,22455,20406,2049
Z14098,1713,1140,573
Z14101,1018,703,315
Z14102,487,487,0
Z14103,4703,4380,323
Z14105,1951,1794,157
Z14108,2368,2184,184
Z14109,0,0,0
Z14111,1386,1275,111
Z14112,0,0,0
Z14113,298,263,35
Z14120,19875,18742,1133
Z14125,1526,1430,96
Z14126,411,295,116
Z14127,12656,11889,767
Z14129,659,577,82
Z14130,76,71,5
Z14131,2183,2064,119
Z14132,2704,2474,230
Z14134,37,37,0
Z14135,80,75,5
Z14136,2325,2044,281
Z14138,917,800,117
Z14139,1003,943,60
Z14141,3426,3227,199
Z14143,568,476,92
Z14145,729,690,39
Z14150,19961,18815,1146
Z14167,785,734,51
Z14168,32,23,9
Z14169,118,118,0
Z14170,964,964,0
Z14171,1050,859,191
Z14172,1594,1244,350
Z14173,187,187,0
Z14174,2497,2197,300
Z14201,7060,6033,1027
Z14202,2098,1650,448
Z14203,1012,908,104
Z14204,5170,4103,1067
Z14206,10590,9029,1561
Z14207,11104,9362,1742
Z14208,5746,4349,1397
Z14209,4818,3880,938
Z14210,7097,5954,1143
Z14211,12059,9189,2870
Z14212,6354,4649,1705
Z14213,10919,8882,2037
Z14214,9390,8039,1351
Z14215,18587,15959,2628
Z14216,11514,10733,781
Z14217,11164,10576,588
Z14218,9305,8246,1059
Z14219,5362,5067,295
Z14220,10938,9961,977
Z14221,23624,22660,964
Z14222,7569,6676,893
Z14223,10180,9790,390
Z14224,18391,17440,951
Z14225,16247,14837,1410
Z14226,12768,12322,446
Z14227,11105,10802,303
Z14228,9409,9022,387
Z14261,7,2,5
Z14301,7564,5630,1934
Z14302,39,0,39
Z14303,3603,2711,892
Z14304,13809,12643,1166
Z14305,8289,6683,1606
Z14411,5450,4695,755
Z14414,3013,2868,145
Z14415,64,64,0
Z14416,1471,1438,33
Z14418,905,543,362
Z14420,7781,7022,759
Z14422,982,936,46
Z14423,1974,1890,84
Z14424,13310,11733,1577
Z14425,4665,4485,180
Z14427,1055,871,184
Z14428,3386,3259,127
Z14432,2477,2343,134
Z14433,1797,1473,324
Z14435,1754,1227,527
Z14437,4533,4001,532
Z14441,230,156,74
Z14445,3676,3484,192
Z14450,17467,16937,530
Z14454,3692,3269,423
Z14456,8339,7671,668
Z14462,234,213,21
Z14464,3031,2730,301
Z14466,812,715,97
Z14467,4255,4014,241
Z14468,7194,6762,432
Z14469,2822,2598,224
Z14470,3483,3320,163
Z14471,2021,1195,826
Z14472,3582,3427,155
Z14475,88,88,0
Z14476,932,840,92
Z14477,982,737,245
Z14478,755,286,469
Z14479,147,123,24
Z14480,388,325,63
Z14481,838,789,49
Z14482,3600,3357,243
Z14485,1933,1810,123
Z14486,138,138,0
Z14487,2498,2212,286
Z14489,3012,2777,235
Z14502,4114,4002,112
Z14504,833,789,44
Z14505,2191,2091,100
Z14506,483,483,0
Z14507,902,543,359
Z14510,2081,1818,263
Z14511,131,118,13
Z14512,2627,1972,655
Z14513,6306,5769,537
Z14514,2636,2519,117
Z14516,1096,930,166
Z14517,1384,1238,146
Z14519,5064,4856,208
Z14521,1299,1035,264
Z14522,4287,4006,281
Z14525,992,972,20
Z14526,8342,8059,283
Z14527,6743,5120,1623
Z14529,66,66,0
Z14530,2724,2266,458
Z14532,1907,1784,123
Z14533,850,789,61
Z14534,12740,12149,591
Z14536,298,251,47
Z14537,61,61,0
Z14539,71,71,0
Z14541,1342,939,403
Z14542,25,25,0
Z14543,1269,1238,31
Z14544,1327,869,458
Z14545,99,72,27
Z14546,2138,2046,92
Z14548,1720,1549,171
Z14549,29,14,15
Z14550,886,707,179
Z14551,2529,2154,375
Z14555,1012,488,524
Z14559,7206,6961,245
Z14560,1120,832,288
Z14561,1168,1090,78
Z14564,5983,5796,187
Z14568,2293,2134,159
Z14569,2996,2667,329
Z14571,787,502,285
Z14572,2585,2185,400
Z14580,21216,20307,909
Z14585,73,61,12
Z14586,4373,4244,129
Z14588,51,51,0
Z14589,3353,2930,423
Z14590,3164,2066,1098
Z14591,761,661,100
Z14592,67,67,0
Z14604,1744,1273,471
Z14605,5508,4600,908
Z14606,12346,11409,937
Z14607,10024,9256,768
Z14608,6115,5149,966
Z14609,19593,17769,1824
Z14610,7441,6773,668
Z14611,7971,6866,1105
Z14612,15408,14528,880
Z14613,6114,4729,1385
Z14614,111,68,43
Z14615,7763,7062,701
Z14616,12712,12032,680
Z14617,10105,9465,640
Z14618,8586,8224,362
Z14619,6337,5585,752
Z14620,12266,11483,783
Z14621,14707,12782,1925
Z14622,5838,5410,428
Z14623,9477,8924,553
Z14624,14473,14023,450
Z14625,4761,4404,357
Z14626,13316,12474,842
Z14627,0,0,0
Z14701,19198,16792,2406
Z14706,2854,2555,299
Z14707,111,96,15
Z14708,141,61,80
Z14709,989,595,394
Z14710,2116,1326,790
Z14711,1070,801,269
Z14712,2113,1479,634
Z14714,306,190,116
Z14715,1606,1130,476
Z14716,1026,902,124
Z14717,1018,282,736
Z14718,1011,877,134
Z14719,1854,1382,472
Z14720,434,363,71
Z14721,82,59,23
Z14722,1146,139,1007
Z14723,612,445,167
Z14724,1492,891,601
Z14726,758,590,168
Z14727,3424,2146,1278
Z14728,928,359,569
Z14729,437,359,78
Z14731,2648,678,1970
Z14732,67,52,15
Z14733,1857,1707,150
Z14735,1543,1179,364
Z14736,162,115,47
Z14737,2546,1731,815
Z14738,1937,1539,398
Z14739,1795,1173,622
Z14740,658,521,137
Z14741,1414,842,572
Z14742,81,81,0
Z14743,986,752,234
Z14744,536,430,106
Z14747,1019,932,87
Z14748,396,324,72
Z14750,2407,1927,480
Z14752,260,116,144
Z14753,583,454,129
Z14754,341,260,81
Z14755,1600,1212,388
Z14756,207,102,105
Z14757,2417,1383,1034
Z14760,9279,7953,1326
Z14767,760,696,64
Z14769,628,412,216
Z14770,1231,1133,98
Z14772,1686,1450,236
Z14774,69,69,0
Z14775,1200,958,242
Z14777,740,259,481
Z14778,0,0,0
Z14779,3223,2698,525
Z14781,827,720,107
Z14782,1125,903,222
Z14783,200,146,54
Z14784,474,313,161
Z14787,2628,2121,507
Z14788,110,110,0
Z14801,2516,2192,324
Z14802,508,393,115
Z14803,549,453,96
Z14804,928,614,314
Z14805,463,411,52
Z14806,1114,843,271
Z14807,1433,1219,214
Z14808,249,219,30
Z14809,1184,1042,142
Z14810,5920,5153,767
Z14812,1352,1184,168
Z14813,1374,1038,336
Z14814,707,707,0
Z14815,735,400,335
Z14816,163,163,0
Z14817,1068,987,81
Z14818,1030,825,205
Z14819,358,287,71
Z14820,393,306,87
Z14821,1381,1264,117
Z14822,746,485,261
Z14823,1939,1465,474
Z14824,249,225,24
Z14825,403,355,48
Z14826,1151,865,286
Z14827,73,58,15
Z14830,9392,8618,774
Z14836,533,393,140
Z14837,3075,2135,940
Z14838,892,833,59
Z14839,451,293,158
Z14840,2857,1422,1435
Z14841,617,376,241
Z14842,613,417,196
Z14843,6081,5432,649
Z14845,9307,8704,603
Z14846,456,336,120
Z14847,1279,1027,252
Z14850,26524,24182,2342
Z14853,0,0,0
Z14854,7,7,0
Z14855,378,289,89
Z14856,111,85,26
Z14858,711,645,66
Z14859,498,365,133
Z14860,869,526,343
Z14861,657,587,70
Z14864,561,494,67
Z14865,1312,1176,136
Z14867,2435,2298,137
Z14869,554,510,44
Z14870,4501,4261,240
Z14871,2196,2124,72
Z14872,307,307,0
Z14873,1736,1097,639
Z14874,223,115,108
Z14877,313,191,122
Z14878,408,252,156
Z14879,1061,954,107
Z14880,966,605,361
Z14881,130,130,0
Z14882,1907,1589,318
Z14883,1796,1510,286
Z14884,251,104,147
Z14885,466,303,163
Z14886,3274,2991,283
Z14889,705,646,59
Z14891,2165,1896,269
Z14892,3659,3343,316
Z14893,15,6,9
Z14894,642,562,80
Z14895,4999,4266,733
Z14897,442,370,72
Z14898,767,610,157
Z14901,6231,5477,754
Z14903,3402,3073,329
Z14904,7216,6493,723
Z14905,4213,3946,267
Z15001,15011,13046,1965
Z15003,6061,5218,843
Z15004,151,117,34
Z15005,4342,4091,251
Z15006,195,144,51
Z15007,119,119,0
Z15009,7003,6495,508
Z15010,12854,11225,1629
Z15012,7265,6466,799
Z15014,1524,1378,146
Z15015,515,496,19
Z15017,7730,7304,426
Z15018,350,292,58
Z15019,749,732,17
Z15020,140,128,12
Z15021,3423,3096,327
Z15022,5098,4307,791
Z15024,3970,3673,297
Z15025,7921,6886,1035
Z15026,1391,1289,102
Z15027,1062,977,85
Z15028,76,73,3
Z15030,598,496,102
Z15031,342,318,24
Z15033,2655,1934,721
Z15034,986,885,101
Z15035,1178,1020,158
Z15037,5018,4625,393
Z15038,130,130,0
Z15042,3684,3447,237
Z15043,948,799,149
Z15044,10824,10256,568
Z15045,2318,1989,329
Z15046,1098,1026,72
Z15047,23,23,0
Z15049,468,440,28
Z15050,955,914,41
Z15051,171,171,0
Z15052,1582,1448,134
Z15053,68,48,20
Z15054,196,196,0
Z15055,746,695,51
Z15056,596,519,77
Z15057,5974,5608,366
Z15059,1787,1535,252
Z15060,316,285,31
Z15061,5764,5160,604
Z15062,4545,3571,974
Z15063,5194,4512,682
Z15064,168,160,8
Z15065,5577,4884,693
Z15066,5889,5413,476
Z15067,1104,973,131
Z15068,18704,16583,2121
Z15071,4647,4354,293
Z15072,102,102,0
Z15074,4292,3827,465
Z15075,90,90,0
Z15076,433,433,0
Z15077,73,62,11
Z15078,277,174,103
Z15081,239,218,21
Z15082,59,59,0
Z15083,487,404,83
Z15084,4948,4394,554
Z15085,3767,3337,430
Z15086,169,152,17
Z15087,133,92,41
Z15088,261,220,41
Z15089,2953,2647,306
Z15090,8790,8366,424
Z15101,10504,9886,618
Z15102,12750,12242,508
Z15104,5019,3800,1219
Z15106,9608,8904,704
Z15108,18271,17118,1153
Z15110,2988,2311,677
Z15112,1878,1516,362
Z15116,6181,5970,211
Z15120,9580,8324,1256
Z15122,9680,8651,1029
Z15126,3123,2908,215
Z15129,4669,4391,278
Z15131,4173,3921,252
Z15132,11934,9572,2362
Z15133,3153,2889,264
Z15135,2393,2242,151
Z15136,10664,9409,1255
Z15137,5082,4492,590
Z15139,3256,3095,161
Z15140,1884,1554,330
Z15142,558,543,15
Z15143,8373,7716,657
Z15144,2094,1889,205
Z15145,3922,3270,652
Z15146,13552,12532,1020
Z15147,8937,8245,692
Z15148,1556,1161,395
Z15201,6985,6253,732
Z15202,10843,9516,1327
Z15203,6286,4821,1465
Z15204,4088,3677,411
Z15205,10885,10198,687
Z15206,15371,13501,1870
Z15207,5911,5037,874
Z15208,5298,4382,916
Z15209,6094,5536,558
Z15210,13129,11074,2055
Z15211,6715,5489,1226
Z15212,16057,12790,3267
Z15213,11138,9286,1852
Z15214,7152,6142,1010
Z15215,6096,5525,571
Z15216,11564,10548,1016
Z15217,12866,11953,913
Z15218,7762,6818,944
Z15219,6480,5201,1279
Z15220,8874,8013,861
Z15221,18459,15367,3092
Z15222,2219,1956,263
Z15223,3430,3124,306
Z15224,5858,5206,652
Z15225,614,581,33
Z15226,6775,6153,622
Z15227,13047,12143,904
Z15228,7738,7339,399
Z15229,6635,6267,368
Z15232,7046,6257,789
Z15233,1606,1161,445
Z15234,6811,6439,372
Z15235,16327,14806,1521
Z15236,13191,12277,914
Z15237,18853,18001,852
Z15238,5834,5373,461
Z15239,8851,8546,305
Z15241,7768,7477,291
Z15243,5851,5713,138
Z15260,0,0,0
Z15290,0,0,0
Z15301,22166,20162,2004
Z15310,187,137,50
Z15311,601,581,20
Z15312,1544,1397,147
Z15313,176,145,31
Z15314,1830,1622,208
Z15315,422,353,69
Z15316,45,42,3
Z15317,16001,14819,1182
Z15320,2506,2229,277
Z15321,657,657,0
Z15322,1036,894,142
Z15323,1904,1745,159
Z15324,326,288,38
Z15325,170,170,0
Z15327,628,559,69
Z15329,636,540,96
Z15330,2348,2085,263
Z15331,391,321,70
Z15332,3828,3562,266
Z15333,1042,935,107
Z15334,62,62,0
Z15337,310,242,68
Z15338,765,642,123
Z15340,680,604,76
Z15341,390,319,71
Z15342,2444,2054,390
Z15344,727,681,46
Z15345,754,647,107
Z15346,285,237,48
Z15347,219,219,0
Z15348,147,131,16
Z15349,892,794,98
Z15350,213,189,24
Z15351,489,489,0
Z15352,419,327,92
Z15353,21,10,11
Z15357,725,692,33
Z15358,471,397,74
Z15359,63,62,1
Z15360,760,680,80
Z15361,20,20,0
Z15362,380,352,28
Z15363,354,354,0
Z15364,365,312,53
Z15366,91,91,0
Z15367,2994,2948,46
Z15368,133,118,15
Z15370,5306,4657,649
Z15376,710,627,83
Z15377,316,265,51
Z15378,66,38,28
Z15379,56,49,7
Z15380,400,253,147
Z15401,15413,13688,1725
Z15410,341,341,0
Z15411,619,325,294
Z15412,227,173,54
Z15413,313,291,22
Z15417,4357,3551,806
Z15419,2374,1847,527
Z15420,144,123,21
Z15421,91,12,79
Z15422,86,65,21
Z15423,906,856,50
Z15424,1685,895,790
Z15425,8786,7954,832
Z15427,517,473,44
Z15428,833,730,103
Z15429,78,78,0
Z15430,125,109,16
Z15431,1956,1778,178
Z15432,204,184,20
Z15433,421,374,47
Z15434,150,113,37
Z15435,253,221,32
Z15436,1118,1015,103
Z15437,1199,828,371
Z15438,917,751,166
Z15440,237,191,46
Z15442,772,701,71
Z15443,144,95,49
Z15444,303,182,121
Z15445,1216,1031,185
Z15446,148,148,0
Z15447,97,17,80
Z15448,73,73,0
Z15449,172,149,23
Z15450,65,65,0
Z15451,443,391,52
Z15454,63,63,0
Z15455,174,113,61
Z15456,1272,1053,219
Z15458,1157,1018,139
Z15459,810,607,203
Z15460,39,39,0
Z15461,1700,1517,183
Z15462,206,147,59
Z15463,0,0,0
Z15464,742,614,128
Z15466,216,203,13
Z15467,73,63,10
Z15468,1047,936,111
Z15469,941,864,77
Z15470,595,332,263
Z15472,139,110,29
Z15473,1968,1737,231
Z15474,1009,782,227
Z15475,520,380,140
Z15476,80,45,35
Z15477,427,351,76
Z15478,2786,2513,273
Z15479,925,859,66
Z15480,830,726,104
Z15482,231,175,56
Z15483,221,198,23
Z15484,131,91,40
Z15486,978,904,74
Z15489,173,154,19
Z15490,351,351,0
Z15492,89,74,15
Z15501,7750,6449,1301
Z15502,764,48,716
Z15510,0,0,0
Z15520,150,108,42
Z15521,817,734,83
Z15522,5840,4934,906
Z15530,2295,2059,236
Z15531,2067,1655,412
Z15532,76,76,0
Z15533,786,606,180
Z15534,470,376,94
Z15535,1231,832,399
Z15536,264,187,77
Z15537,3795,3201,594
Z15538,619,303,316
Z15539,248,248,0
Z15540,247,94,153
Z15541,1680,1413,267
Z15542,478,435,43
Z15544,88,88,0
Z15545,1350,1176,174
Z15546,135,135,0
Z15547,223,187,36
Z15550,1021,715,306
Z15551,448,357,91
Z15552,2713,2221,492
Z15554,1179,1044,135
Z15555,62,51,11
Z15557,2088,1397,691
Z15558,972,871,101
Z15559,1032,845,187
Z15560,86,68,18
Z15561,66,66,0
Z15562,65,59,6
Z15563,1530,1200,330
Z15564,39,31,8
Z15601,27033,24523,2510
Z15610,1777,1487,290
Z15611,288,187,101
Z15612,128,128,0
Z15613,6203,5866,337
Z15615,101,101,0
Z15616,22,22,0
Z15617,145,138,7
Z15618,1204,1120,84
Z15620,398,398,0
Z15621,35,35,0
Z15622,2156,652,1504
Z15623,332,299,33
Z15624,240,192,48
Z15625,57,57,0
Z15626,2601,2337,264
Z15627,3031,2691,340
Z15628,343,228,115
Z15629,384,349,35
Z15631,528,458,70
Z15632,3944,3618,326
Z15633,98,98,0
Z15634,253,204,49
Z15635,154,113,41
Z15636,1477,1465,12
Z15637,770,729,41
Z15638,178,178,0
Z15639,1042,946,96
Z15640,208,194,14
Z15641,218,210,8
Z15642,19258,18077,1181
Z15644,8972,8124,848
Z15646,128,83,45
Z15647,122,57,65
Z15650,12742,11295,1447
Z15655,265,159,106
Z15656,4713,4309,404
Z15658,4934,3986,948
Z15660,177,161,16
Z15661,308,250,58
Z15662,79,79,0
Z15663,209,201,8
Z15665,583,578,5
Z15666,7530,6981,549
Z15668,5553,5323,230
Z15670,1647,1573,74
Z15671,389,324,65
Z15672,1621,1583,38
Z15673,590,546,44
Z15675,447,425,22
Z15676,154,154,0
Z15677,244,180,64
Z15678,177,163,14
Z15679,1423,1295,128
Z15680,52,52,0
Z15681,2171,1972,199
Z15683,3821,3483,338
Z15684,344,278,66
Z15686,464,378,86
Z15687,569,473,96
Z15688,348,348,0
Z15689,161,153,8
Z15690,4492,3819,673
Z15691,44,44,0
Z15692,458,458,0
Z15693,104,59,45
Z15695,147,134,13
Z15696,184,164,20
Z15697,1493,1351,142
Z15698,341,341,0
Z15701,15206,13471,1735
Z15710,129,110,19
Z15711,232,187,45
Z15712,76,60,16
Z15713,92,92,0
Z15714,2302,2074,228
Z15715,266,235,31
Z15716,311,260,51
Z15717,5090,4326,764
Z15721,101,81,20
Z15722,1088,1009,79
Z15723,17,17,0
Z15724,1008,854,154
Z15725,633,579,54
Z15727,89,81,8
Z15728,1631,1434,197
Z15729,690,635,55
Z15730,29,21,8
Z15731,286,245,41
Z15732,724,673,51
Z15733,51,48,3
Z15734,109,109,0
Z15736,344,325,19
Z15737,52,43,9
Z15738,117,104,13
Z15739,186,148,38
Z15741,42,31,11
Z15742,421,362,59
Z15744,70,52,18
Z15745,122,99,23
Z15746,49,45,4
Z15747,817,754,63
Z15748,2996,2746,250
Z15750,215,133,82
Z15752,28,28,0
Z15753,305,214,91
Z15754,166,166,0
Z15756,112,94,18
Z15757,962,634,328
Z15759,1194,1047,147
Z15760,59,43,16
Z15761,57,43,14
Z15762,350,339,11
Z15764,86,74,12
Z15765,772,690,82
Z15767,6626,5792,834
Z15770,66,58,8
Z15771,427,341,86
Z15772,706,575,131
Z15773,214,185,29
Z15774,1304,1277,27
Z15775,315,287,28
Z15776,31,25,6
Z15777,65,65,0
Z15778,71,58,13
Z15779,145,95,50
Z15780,60,52,8
Z15781,27,27,0
Z15783,54,50,4
Z15784,31,28,3
Z15801,9441,8068,1373
Z15821,493,58,435
Z15823,736,649,87
Z15824,2479,2204,275
Z15825,4670,3897,773
Z15827,96,67,29
Z15828,564,148,416
Z15829,654,492,162
Z15832,801,147,654
Z15834,2931,1936,995
Z15840,903,827,76
Z15841,165,149,16
Z15845,1613,1433,180
Z15846,1598,1342,256
Z15847,116,87,29
Z15848,431,363,68
Z15849,919,502,417
Z15851,3163,2806,357
Z15853,3668,2801,867
Z15856,498,368,130
Z15857,6118,5430,688
Z15860,1767,495,1272
Z15861,527,57,470
Z15863,92,87,5
Z15864,855,731,124
Z15865,692,603,89
Z15866,80,74,6
Z15868,1099,583,516
Z15870,1143,560,583
Z15901,2765,2149,616
Z15902,6485,5272,1213
Z15904,6885,6407,478
Z15905,10126,9023,1103
Z15906,6048,5176,872
Z15909,2606,2237,369
Z15920,381,338,43
Z15921,90,73,17
Z15922,68,68,0
Z15923,731,611,120
Z15924,491,456,35
Z15925,65,64,1
Z15926,1603,1062,541
Z15927,475,429,46
Z15928,1081,989,92
Z15929,53,53,0
Z15930,69,55,14
Z15931,4023,3645,378
Z15934,128,86,42
Z15935,1127,1039,88
Z15936,726,625,101
Z15937,315,315,0
Z15938,1035,966,69
Z15940,651,529,122
Z15942,919,871,48
Z15943,1835,1607,228
Z15944,1607,1342,265
Z15945,66,66,0
Z15946,3105,2789,316
Z15948,306,265,41
Z15949,265,248,17
Z15951,203,168,35
Z15952,558,558,0
Z15953,81,81,0
Z15954,1078,979,99
Z15955,1241,1110,131
Z15956,1240,1098,142
Z15957,285,263,22
Z15958,905,838,67
Z15960,276,245,31
Z15961,401,323,78
Z15962,61,61,0
Z15963,5362,4610,752
Z16001,19021,17721,1300
Z16002,6308,6016,292
Z16020,495,443,52
Z16022,189,153,36
Z16023,2005,1927,78
Z16024,85,81,4
Z16025,2285,2117,168
Z16027,102,97,5
Z16028,1130,886,244
Z16029,321,307,14
Z16030,144,140,4
Z16033,2677,2450,227
Z16034,764,715,49
Z16035,52,43,9
Z16036,127,106,21
Z16037,1782,1747,35
Z16038,1554,1427,127
Z16040,424,371,53
Z16041,936,805,131
Z16045,642,553,89
Z16046,6240,5833,407
Z16048,74,74,0
Z16049,1705,1313,392
Z16050,656,632,24
Z16051,1384,1323,61
Z16052,1057,1004,53
Z16053,1756,1674,82
Z16054,191,165,26
Z16055,3501,3300,201
Z16056,2214,2048,166
Z16057,5497,4745,752
Z16059,3268,3130,138
Z16061,1163,1053,110
Z16063,3251,3117,134
Z16066,11174,10742,432
Z16101,15585,13635,1950
Z16102,2749,2380,369
Z16105,7072,6584,488
Z16110,173,128,45
Z16111,480,455,25
Z16112,715,652,63
Z16113,155,142,13
Z16114,271,242,29
Z16115,1433,1316,117
Z16116,1268,1118,150
Z16117,7777,7107,670
Z16120,974,792,182
Z16121,2643,2041,602
Z16123,1032,835,197
Z16124,847,757,90
Z16125,7838,7156,682
Z16127,6017,5418,599
Z16130,907,818,89
Z16131,372,282,90
Z16132,114,114,0
Z16133,642,600,42
Z16134,2786,1690,1096
Z16136,378,332,46
Z16137,4918,4442,476
Z16140,29,29,0
Z16141,848,772,76
Z16142,2272,2133,139
Z16143,1433,1425,8
Z16145,1241,1064,177
Z16146,7421,5995,1426
Z16148,7989,7135,854
Z16150,3413,3012,401
Z16151,39,37,2
Z16153,1205,1070,135
Z16154,1265,1197,68
Z16155,67,25,42
Z16156,1244,1116,128
Z16157,1582,1397,185
Z16159,1945,1749,196
Z16160,434,434,0
Z16161,412,395,17
Z16201,8781,7919,862
Z16210,590,405,185
Z16211,56,56,0
Z16212,151,137,14
Z16213,71,67,4
Z16214,4651,3888,763
Z16217,195,42,153
Z16218,581,447,134
Z16222,1017,864,153
Z16223,92,69,23
Z16224,571,517,54
Z16226,4002,3423,579
Z16228,202,197,5
Z16229,2289,2055,234
Z16230,187,167,20
Z16232,1921,1698,223
Z16233,1156,432,724
Z16235,585,500,85
Z16236,133,87,46
Z16238,186,171,15
Z16239,2505,666,1839
Z16240,766,612,154
Z16242,2130,1937,193
Z16244,93,75,18
Z16245,97,92,5
Z16246,111,99,12
Z16248,1456,1294,162
Z16249,870,818,52
Z16250,119,112,7
Z16253,42,37,5
Z16254,1561,1404,157
Z16255,788,653,135
Z16256,635,522,113
Z16258,1230,886,344
Z16259,1053,775,278
Z16260,300,150,150
Z16262,1187,1061,126
Z16263,154,148,6
Z16301,7958,6541,1417
Z16311,360,248,112
Z16312,11,3,8
Z16313,1388,729,659
Z16314,2601,2095,506
Z16316,4013,2398,1615
Z16317,713,605,108
Z16319,565,481,84
Z16321,104,42,62
Z16322,162,67,95
Z16323,7692,6798,894
Z16326,181,169,12
Z16327,1374,1188,186
Z16328,43,38,5
Z16329,397,221,176
Z16331,34,27,7
Z16332,38,26,12
Z16333,196,118,78
Z16334,110,105,5
Z16335,13092,11556,1536
Z16340,1417,827,590
Z16341,1129,774,355
Z16342,1144,860,284
Z16343,193,146,47
Z16344,251,203,48
Z16345,1845,1488,357
Z16346,1628,1467,161
Z16347,1718,897,821
Z16350,1179,1052,127
Z16351,2590,704,1886
Z16352,135,102,33
Z16353,5004,1245,3759
Z16354,5292,4566,726
Z16360,623,541,82
Z16361,57,50,7
Z16362,599,497,102
Z16364,609,482,127
Z16365,9211,7929,1282
Z16370,540,112,428
Z16371,1596,1359,237
Z16372,217,190,27
Z16373,1789,1316,473
Z16374,1796,816,980
Z16401,1983,1745,238
Z16402,344,316,28
Z16403,2630,2220,410
Z16404,1555,1227,328
Z16405,322,285,37
Z16406,1512,1312,200
Z16407,4872,4305,567
Z16410,670,625,45
Z16411,734,596,138
Z16412,4837,4295,542
Z16415,3488,3281,207
Z16416,91,91,0
Z16417,3277,3096,181
Z16420,429,248,181
Z16421,987,987,0
Z16422,100,85,15
Z16423,1905,1704,201
Z16424,3847,1974,1873
Z16426,1627,1568,59
Z16427,94,89,5
Z16428,5245,4960,285
Z16433,2307,2029,278
Z16434,1062,929,133
Z16435,896,714,182
Z16436,491,234,257
Z16438,4217,3141,1076
Z16440,479,392,87
Z16441,4131,3812,319
Z16442,1189,1077,112
Z16443,509,509,0
Z16444,0,0,0
Z16501,1425,1311,114
Z16502,8088,7071,1017
Z16503,7132,5889,1243
Z16504,7183,6641,542
Z16505,8187,7486,701
Z16506,10151,9755,396
Z16507,4744,4077,667
Z16508,7464,6939,525
Z16509,12515,11931,584
Z16510,10400,9742,658
Z16511,5113,4652,461
Z16546,0,0,0
Z16563,0,0,0
Z16601,14994,13427,1567
Z16602,13368,12257,1111
Z16611,1144,1020,124
Z16613,648,586,62
Z16616,37,37,0
Z16617,1347,1189,158
Z16619,142,124,18
Z16620,149,123,26
Z16621,393,301,92
Z16622,86,69,17
Z16623,294,188,106
Z16624,96,83,13
Z16625,1914,1515,399
Z16627,1115,884,231
Z16630,1995,1852,143
Z16631,28,28,0
Z16633,76,58,18
Z16634,157,116,41
Z16635,5257,4950,307
Z16636,345,291,54
Z16637,1108,1017,91
Z16638,27,18,9
Z16639,791,607,184
Z16640,597,355,242
Z16641,1204,1061,143
Z16645,63,63,0
Z16646,1113,1011,102
Z16647,631,314,317
Z16648,6572,6103,469
Z16650,1040,787,253
Z16651,1828,1524,304
Z16652,7238,5838,1400
Z16655,702,634,68
Z16656,630,508,122
Z16657,1032,541,491
Z16659,140,124,16
Z16661,443,349,94
Z16662,2600,2387,213
Z16664,785,703,82
Z16665,136,121,15
Z16666,1533,1187,346
Z16667,545,528,17
Z16668,1680,1509,171
Z16669,1368,916,452
Z16670,28,28,0
Z16671,244,194,50
Z16672,125,103,22
Z16673,2297,2134,163
Z16674,406,271,135
Z16677,163,115,48
Z16678,1364,1125,239
Z16679,387,347,40
Z16680,244,175,69
Z16682,47,47,0
Z16683,239,174,65
Z16685,218,72,146
Z16686,5815,5179,636
Z16689,212,180,32
Z16691,167,124,43
Z16692,344,268,76
Z16693,1749,1548,201
Z16694,89,75,14
Z16695,401,383,18
Z16699,0,0,0
Z16701,8330,7376,954
Z16720,2225,497,1728
Z16724,64,52,12
Z16725,102,53,49
Z16726,260,210,50
Z16727,74,69,5
Z16728,27,19,8
Z16729,380,335,45
Z16730,56,42,14
Z16731,1323,1175,148
Z16732,189,168,21
Z16733,135,103,32
Z16734,124,90,34
Z16735,3816,2732,1084
Z16738,830,570,260
Z16740,630,458,172
Z16743,1948,1699,249
Z16744,147,147,0
Z16745,237,219,18
Z16746,740,523,217
Z16748,1587,1081,506
Z16749,2180,1589,591
Z16750,215,168,47
Z16801,19162,17192,1970
Z16802,9,9,0
Z16803,11296,10289,1007
Z16820,478,374,104
Z16821,80,80,0
Z16822,1193,802,391
Z16823,11778,10884,894
Z16825,104,104,0
Z16826,287,216,71
Z16827,1837,1629,208
Z16828,2129,1974,155
Z16829,413,259,154
Z16830,6765,5966,799
Z16832,371,196,175
Z16833,2532,2220,312
Z16834,133,65,68
Z16835,85,80,5
Z16836,1067,461,606
Z16837,94,49,45
Z16838,878,735,143
Z16839,276,216,60
Z16840,234,234,0
Z16841,2681,2215,466
Z16843,244,244,0
Z16844,1245,1118,127
Z16845,484,303,181
Z16847,154,154,0
Z16848,193,162,31
Z16849,160,146,14
Z16851,310,310,0
Z16852,137,118,19
Z16853,149,113,36
Z16854,446,356,90
Z16855,157,131,26
Z16858,1727,1499,228
Z16859,281,200,81
Z16860,201,189,12
Z16861,155,110,45
Z16863,363,287,76
Z16865,847,813,34
Z16866,4360,3848,512
Z16868,191,152,39
Z16870,2743,2459,284
Z16871,119,20,99
Z16872,659,433,226
Z16874,653,557,96
Z16875,1876,1624,252
Z16876,140,131,9
Z16877,767,720,47
Z16878,988,833,155
Z16879,135,106,29
Z16881,962,825,137
Z16882,275,140,135
Z16901,5124,4218,906
Z16911,199,165,34
Z16912,884,719,165
Z16914,1136,784,352
Z16915,3653,2261,1392
Z16917,723,500,223
Z16920,913,864,49
Z16921,690,221,469
Z16922,2080,788,1292
Z16923,854,600,254
Z16925,1513,1213,300
Z16926,402,312,90
Z16927,303,262,41
Z16928,638,523,115
Z16929,1084,962,122
Z16930,654,487,167
Z16932,320,265,55
Z16933,3182,2684,498
Z16935,759,541,218
Z16936,965,754,211
Z16937,108,95,13
Z16938,844,295,549
Z16939,188,169,19
Z16940,143,131,12
Z16941,38,35,3
Z16942,392,300,92
Z16943,417,205,212
Z16946,1164,979,185
Z16947,2407,1873,534
Z16948,1090,598,492
Z16950,2013,1426,587
Z17002,259,238,21
Z17003,4345,4164,181
Z17004,1781,1655,126
Z17005,183,159,24
Z17006,618,377,241
Z17007,2247,2156,91
Z17009,909,833,76
Z17010,74,40,34
Z17011,14398,13658,740
Z17013,14889,13880,1009
Z17015,8378,8088,290
Z17016,341,284,57
Z17017,800,730,70
Z17018,1866,1697,169
Z17019,7324,6938,386
Z17020,4004,3675,329
Z17021,664,400,264
Z17022,11412,10800,612
Z17023,1488,1361,127
Z17024,807,729,78
Z17025,7099,6804,295
Z17026,1455,1375,80
Z17027,213,192,21
Z17028,1442,1391,51
Z17029,155,155,0
Z17030,372,340,32
Z17032,3566,3227,339
Z17033,6929,6528,401
Z17034,1192,1060,132
Z17035,512,335,177
Z17036,9578,8852,726
Z17037,614,335,279
Z17038,3377,3131,246
Z17039,5,5,0
Z17040,1108,963,145
Z17041,38,38,0
Z17042,15521,14560,961
Z17043,3260,2934,326
Z17044,10201,9013,1188
Z17045,1464,1266,198
Z17046,12740,11696,1044
Z17047,1031,932,99
Z17048,1711,1432,279
Z17049,1287,1128,159
Z17050,14935,14262,673
Z17051,2278,1858,420
Z17052,847,617,230
Z17053,2211,2107,104
Z17055,15867,15202,665
Z17056,50,37,13
Z17057,9720,8950,770
Z17058,907,714,193
Z17059,3238,2937,301
Z17060,559,498,61
Z17061,3301,2952,349
Z17062,1766,1512,254
Z17063,1833,1277,556
Z17064,606,278,328
Z17065,1709,1616,93
Z17066,2706,2358,348
Z17067,5571,5274,297
Z17068,1730,1634,96
Z17069,72,61,11
Z17070,7286,6715,571
Z17071,166,71,95
Z17072,18,18,0
Z17073,1965,1934,31
Z17074,3310,2884,426
Z17075,61,53,8
Z17076,34,34,0
Z17077,46,34,12
Z17078,9158,8738,420
Z17080,114,104,10
Z17081,203,155,48
Z17082,1661,1431,230
Z17083,20,15,5
Z17084,1825,1692,133
Z17086,964,853,111
Z17087,1099,1051,48
Z17088,364,343,21
Z17090,2350,2238,112
Z17093,384,384,0
Z17094,1156,1078,78
Z17097,409,365,44
Z17098,1190,961,229
Z17099,534,480,54
Z17101,1894,1390,504
Z17102,5147,4325,822
Z17103,5567,4333,1234
Z17104,9180,7833,1347
Z17109,11050,10236,814
Z17110,11420,10090,1330
Z17111,13142,12363,779
Z17112,14842,14128,714
Z17113,4568,3986,582
Z17120,0,0,0
Z17201,11089,9951,1138
Z17202,12642,11852,790
Z17210,103,66,37
Z17211,243,173,70
Z17212,336,280,56
Z17213,364,254,110
Z17214,538,538,0
Z17215,134,91,43
Z17217,61,61,0
Z17219,246,162,84
Z17220,157,129,28
Z17221,297,225,72
Z17222,4893,4304,589
Z17223,146,133,13
Z17224,917,798,119
Z17225,7442,7216,226
Z17228,547,467,80
Z17229,616,527,89
Z17233,2535,2197,338
Z17235,203,203,0
Z17236,3596,3099,497
Z17237,679,625,54
Z17238,777,646,131
Z17239,156,87,69
Z17240,1254,1154,100
Z17241,4848,4477,371
Z17243,1000,673,327
Z17244,995,889,106
Z17246,99,71,28
Z17247,269,206,63
Z17249,161,146,15
Z17250,66,66,0
Z17251,80,66,14
Z17252,1520,1419,101
Z17253,128,116,12
Z17254,0,0,0
Z17255,588,441,147
Z17256,76,55,21
Z17257,11846,10687,1159
Z17260,591,491,100
Z17261,0,0,0
Z17262,538,498,40
Z17263,253,253,0
Z17264,1251,927,324
Z17265,291,212,79
Z17266,215,205,10
Z17267,1311,1069,242
Z17268,12478,11494,984
Z17270,74,74,0
Z17271,148,105,43
Z17272,190,182,8
Z17301,1534,1476,58
Z17302,1232,1028,204
Z17304,1146,1087,59
Z17306,119,119,0
Z17307,2526,2241,285
Z17309,849,833,16
Z17311,88,88,0
Z17313,4528,4343,185
Z17314,2500,2112,388
Z17315,10782,10275,507
Z17316,3284,3013,271
Z17317,343,315,28
Z17318,154,131,23
Z17319,4324,4066,258
Z17320,3201,2946,255
Z17321,917,859,58
Z17322,2318,2216,102
Z17324,1916,1599,317
Z17325,11214,10437,777
Z17327,3263,2927,336
Z17329,897,859,38
Z17331,20964,19553,1411
Z17339,2941,2761,180
Z17340,4427,4259,168
Z17343,0,0,0
Z17344,1552,1493,59
Z17345,3276,3073,203
Z17347,2391,2319,72
Z17349,2894,2823,71
Z17350,5243,4649,594
Z17352,507,461,46
Z17353,1559,1380,179
Z17355,92,82,10
Z17356,8749,8387,362
Z17360,2515,2270,245
Z17361,2367,2215,152
Z17362,5395,5086,309
Z17363,3823,3606,217
Z17364,1578,1446,132
Z17365,1063,958,105
Z17366,2444,2221,223
Z17368,3147,2971,176
Z17370,2170,1875,295
Z17371,149,138,11
Z17372,1717,1577,140
Z17401,7712,6453,1259
Z17402,14497,13795,702
Z17403,16128,14514,1614
Z17404,15054,13810,1244
Z17406,9591,8939,652
Z17407,861,815,46
Z17408,9258,8924,334
Z17501,1802,1770,32
Z17502,1115,1115,0
Z17505,603,603,0
Z17507,38,38,0
Z17508,133,133,0
Z17509,1413,1306,107
Z17512,7431,6908,523
Z17516,1867,1789,78
Z17517,6069,5913,156
Z17518,475,457,18
Z17519,2166,2091,75
Z17520,1880,1769,111
Z17522,12888,12586,302
Z17527,2002,1915,87
Z17529,1539,1519,20
Z17532,1143,1102,41
Z17535,581,569,12
Z17536,877,860,17
Z17538,2571,2447,124
Z17540,3396,3243,153
Z17543,17090,16217,873
Z17545,8475,8170,305
Z17547,2871,2560,311
Z17550,405,405,0
Z17551,3877,3625,252
Z17552,8455,8005,450
Z17554,3421,3186,235
Z17555,2260,2210,50
Z17557,5263,5082,181
Z17560,2217,2144,73
Z17562,1387,1367,20
Z17563,1349,1261,88
Z17565,1073,1042,31
Z17566,4418,4142,276
Z17569,2022,1983,39
Z17570,96,96,0
Z17572,1330,1277,53
Z17576,43,43,0
Z17578,2728,2555,173
Z17579,2131,2081,50
Z17581,353,324,29
Z17582,806,767,39
Z17584,3893,3728,165
Z17601,20835,20088,747
Z17602,20236,18974,1262
Z17603,26697,24685,2012
Z17606,254,211,43
Z17701,20069,17736,2333
Z17702,4857,4550,307
Z17721,754,719,35
Z17723,63,14,49
Z17724,2471,2028,443
Z17727,301,37,264
Z17728,2167,1994,173
Z17729,643,34,609
Z17730,72,55,17
Z17731,497,100,397
Z17737,2704,2456,248
Z17739,130,15,115
Z17740,5436,4812,624
Z17742,21,21,0
Z17744,1410,1263,147
Z17745,8574,7122,1452
Z17747,1414,1053,361
Z17748,132,124,8
Z17749,147,141,6
Z17750,38,38,0
Z17751,3047,2736,311
Z17752,1980,1738,242
Z17754,5343,4934,409
Z17756,4883,4527,356
Z17758,816,394,422
Z17760,610,281,329
Z17762,244,229,15
Z17763,137,123,14
Z17764,1839,936,903
Z17765,618,421,197
Z17767,88,73,15
Z17768,564,142,422
Z17771,1734,1297,437
Z17772,975,877,98
Z17774,670,505,165
Z17776,498,134,364
Z17777,2995,2865,130
Z17778,347,44,303
Z17779,20,20,0
Z17801,7547,6991,556
Z17810,951,836,115
Z17812,608,482,126
Z17813,859,739,120
Z17814,2798,1884,914
Z17815,12355,11423,932
Z17820,2783,2301,482
Z17821,8138,7495,643
Z17822,0,0,0
Z17823,520,472,48
Z17824,1913,1634,279
Z17827,300,277,23
Z17829,86,77,9
Z17830,1017,802,215
Z17832,381,322,59
Z17834,1999,1751,248
Z17835,104,95,9
Z17836,102,91,11
Z17837,6961,6411,550
Z17840,201,138,63
Z17841,2081,1782,299
Z17842,3598,3314,284
Z17844,4576,4029,547
Z17845,1301,793,508
Z17846,1622,1471,151
Z17847,5486,5118,368
Z17850,285,285,0
Z17851,4576,3611,965
Z17853,1283,1174,109
Z17855,419,398,21
Z17856,1579,1472,107
Z17857,3425,3272,153
Z17859,1409,1216,193
Z17860,1064,1045,19
Z17861,30,24,6
Z17862,211,199,12
Z17864,801,734,67
Z17865,59,53,6
Z17866,3897,3240,657
Z17867,73,67,6
Z17868,483,466,17
Z17870,5902,5271,631
Z17872,5876,4431,1445
Z17876,862,823,39
Z17878,570,513,57
Z17880,50,50,0
Z17881,792,628,164
Z17884,130,93,37
Z17885,211,51,160
Z17886,387,331,56
Z17887,248,164,84
Z17888,152,114,38
Z17889,1114,1004,110
Z17901,11709,9884,1825
Z17920,173,145,28
Z17921,3367,2894,473
Z17922,2136,1936,200
Z17923,237,188,49
Z17925,206,178,28
Z17929,761,705,56
Z17930,189,176,13
Z17931,2631,2287,344
Z17933,27,27,0
Z17934,279,192,87
Z17935,852,619,233
Z17936,356,321,35
Z17938,1036,958,78
Z17941,390,330,60
Z17943,67,67,0
Z17944,101,84,17
Z17945,106,91,15
Z17946,142,108,34
Z17948,2914,2085,829
Z17949,127,88,39
Z17951,116,101,15
Z17952,111,94,17
Z17953,271,217,54
Z17954,2422,1909,513
Z17957,178,178,0
Z17959,699,604,95
Z17960,1807,1563,244
Z17961,3208,3033,175
Z17963,4077,3634,443
Z17964,312,289,23
Z17965,965,866,99
Z17967,1189,1038,151
Z17968,120,110,10
Z17970,1575,1360,215
Z17972,4688,4375,313
Z17974,163,135,28
Z17976,4084,2746,1338
Z17978,129,86,43
Z17979,95,95,0
Z17980,1495,1245,250
Z17981,1102,997,105
Z17982,210,158,52
Z17983,710,626,84
Z17985,612,495,117
Z18011,2178,2074,104
Z18013,7019,6526,493
Z18014,4534,4403,131
Z18015,11957,10966,991
Z18016,0,0,0
Z18017,15833,14919,914
Z18018,14516,13708,808
Z18020,7642,7470,172
Z18030,401,335,66
Z18031,3573,3355,218
Z18032,4093,3840,253
Z18034,2899,2663,236
Z18035,57,57,0
Z18036,4857,4673,184
Z18037,3126,2983,143
Z18038,1153,1108,45
Z18040,6324,6072,252
Z18041,2225,2054,171
Z18042,17737,15421,2316
Z18045,10445,10075,370
Z18046,12,12,0
Z18049,7816,7362,454
Z18051,1354,1303,51
Z18052,11264,11020,244
Z18053,1070,954,116
Z18054,1855,1599,256
Z18055,5338,4968,370
Z18056,362,304,58
Z18058,4159,3684,475
Z18059,463,409,54
Z18062,10182,9771,411
Z18063,253,253,0
Z18064,9549,9091,458
Z18066,2316,2175,141
Z18067,7973,7552,421
Z18068,0,0,0
Z18069,3091,2927,164
Z18070,377,363,14
Z18071,4457,4110,347
Z18072,2682,2407,275
Z18073,3491,3272,219
Z18074,2335,2224,111
Z18076,1274,1232,42
Z18077,1035,954,81
Z18078,2910,2694,216
Z18079,190,190,0
Z18080,4840,4663,177
Z18081,81,81,0
Z18083,196,185,11
Z18085,368,346,22
Z18086,179,172,7
Z18087,250,250,0
Z18088,3410,3252,158
Z18091,2443,2277,166
Z18092,1259,1218,41
Z18101,1829,1559,270
Z18102,18131,15458,2673
Z18103,18478,17807,671
Z18104,17579,16391,1188
Z18105,0,0,0
Z18106,2890,2840,50
Z18109,7040,6281,759
Z18195,0,0,0
Z18201,11736,9852,1884
Z18202,5540,4494,1046
Z18210,6517,2892,3625
Z18211,669,576,93
Z18212,68,68,0
Z18214,806,742,64
Z18216,526,433,93
Z18218,1142,1011,131
Z18219,671,642,29
Z18220,196,174,22
Z18221,248,199,49
Z18222,3711,3495,216
Z18223,82,82,0
Z18224,2954,2469,485
Z18225,70,70,0
Z18229,4727,3444,1283
Z18230,38,38,0
Z18231,294,233,61
Z18232,2147,1635,512
Z18234,212,212,0
Z18235,8724,7629,1095
Z18237,1610,1378,232
Z18239,150,131,19
Z18240,1849,1571,278
Z18241,356,278,78
Z18242,143,90,53
Z18244,247,187,60
Z18245,141,141,0
Z18246,94,75,19
Z18248,260,221,39
Z18249,1650,1519,131
Z18250,1414,1168,246
Z18251,32,32,0
Z18252,5211,4536,675
Z18254,441,396,45
Z18255,2096,1769,327
Z18256,181,167,14
Z18301,11643,9401,2242
Z18302,8938,6058,2880
Z18321,697,570,127
Z18322,1004,836,168
Z18323,260,33,227
Z18324,6030,3248,2782
Z18325,1509,981,528
Z18326,2140,1637,503
Z18327,302,268,34
Z18328,5115,2576,2539
Z18330,3164,2717,447
Z18331,378,331,47
Z18332,1345,1033,312
Z18333,110,110,0
Z18334,2208,1638,570
Z18335,328,291,37
Z18336,1731,1576,155
Z18337,6487,5006,1481
Z18340,82,44,38
Z18342,292,201,91
Z18343,2001,1650,351
Z18344,1619,1226,393
Z18346,1208,772,436
Z18347,4715,1189,3526
Z18349,111,70,41
Z18350,2849,712,2137
Z18351,216,194,22
Z18352,436,421,15
Z18353,4767,4007,760
Z18354,387,294,93
Z18355,785,531,254
Z18356,292,50,242
Z18357,93,50,43
Z18360,11495,10134,1361
Z18370,547,451,96
Z18371,514,279,235
Z18372,1874,953,921
Z18403,3113,2899,214
Z18405,1386,1030,356
Z18407,6740,5822,918
Z18411,9387,8815,572
Z18413,53,53,0
Z18414,2293,2031,262
Z18415,915,517,398
Z18417,964,448,516
Z18419,2114,1746,368
Z18420,26,26,0
Z18421,2346,2032,314
Z18424,4354,1996,2358
Z18425,784,540,244
Z18426,4478,1887,2591
Z18427,72,60,12
Z18428,9912,4823,5089
Z18430,7,7,0
Z18431,5978,4926,1052
Z18433,3159,2659,500
Z18434,1802,1605,197
Z18435,1253,284,969
Z18436,10108,5057,5051
Z18437,172,97,75
Z18438,1361,523,838
Z18439,421,194,227
Z18441,124,120,4
Z18443,383,192,191
Z18444,5715,5177,538
Z18445,1375,903,472
Z18446,1802,1453,349
Z18447,4816,4366,450
Z18451,685,241,444
Z18452,2439,2203,236
Z18453,656,472,184
Z18454,185,7,178
Z18455,60,35,25
Z18456,234,201,33
Z18457,79,68,11
Z18458,2050,1282,768
Z18459,57,22,35
Z18460,124,116,8
Z18461,325,174,151
Z18462,395,155,240
Z18463,92,88,4
Z18464,1188,538,650
Z18465,1133,620,513
Z18466,7921,5161,2760
Z18469,235,141,94
Z18470,1742,907,835
Z18471,304,269,35
Z18472,1998,1565,433
Z18473,267,245,22
Z18503,623,556,67
Z18504,9883,8331,1552
Z18505,9479,8316,1163
Z18507,2130,1985,145
Z18508,5590,4981,609
Z18509,5250,4593,657
Z18510,5362,4533,829
Z18512,5700,5250,450
Z18517,2471,2150,321
Z18518,4047,3746,301
Z18519,2419,2107,312
Z18602,163,115,48
Z18603,8822,7983,839
Z18610,2429,1497,932
Z18612,6922,6155,767
Z18614,2141,1148,993
Z18615,841,687,154
Z18616,683,252,431
Z18617,1036,709,327
Z18618,2293,1600,693
Z18619,356,108,248
Z18621,2452,2031,421
Z18622,97,82,15
Z18623,1364,1038,326
Z18624,1487,261,1226
Z18625,512,239,273
Z18626,504,193,311
Z18628,270,100,170
Z18629,968,683,285
Z18630,1582,1195,387
Z18631,563,551,12
Z18632,229,190,39
Z18634,6633,5720,913
Z18635,1790,1701,89
Z18636,636,541,95
Z18640,8208,7184,1024
Z18641,3107,2762,345
Z18642,1974,1859,115
Z18643,6110,5428,682
Z18644,3151,2963,188
Z18651,4514,3733,781
Z18653,39,39,0
Z18655,3060,2511,549
Z18656,1087,845,242
Z18657,5689,4848,841
Z18660,1558,1338,220
Z18661,3713,2382,1331
Z18701,1184,940,244
Z18702,18926,15783,3143
Z18704,15423,13664,1759
Z18705,7330,6484,846
Z18706,7939,7049,890
Z18707,6414,6122,292
Z18708,3669,3566,103
Z18709,1630,1367,263
Z18801,4127,3408,719
Z18810,2530,2339,191
Z18812,1087,683,404
Z18814,62,54,8
Z18816,78,61,17
Z18817,88,77,11
Z18818,721,558,163
Z18821,558,512,46
Z18822,1686,1557,129
Z18823,104,100,4
Z18824,727,555,172
Z18825,91,53,38
Z18826,949,733,216
Z18828,203,143,60
Z18829,455,322,133
Z18830,428,311,117
Z18831,564,507,57
Z18832,956,685,271
Z18833,1356,799,557
Z18834,2010,1450,560
Z18837,1443,1169,274
Z18840,5348,4728,620
Z18842,96,87,9
Z18843,107,87,20
Z18844,871,725,146
Z18845,170,118,52
Z18846,546,322,224
Z18847,3229,2292,937
Z18848,4550,3748,802
Z18850,1006,810,196
Z18851,507,295,212
Z18853,2107,1605,502
Z18854,565,486,79
Z18901,10909,10234,675
Z18902,7473,7202,271
Z18912,53,53,0
Z18913,90,57,33
Z18914,7587,7328,259
Z18915,273,273,0
Z18917,934,864,70
Z18920,177,162,15
Z18923,376,320,56
Z18925,2339,2232,107
Z18929,2956,2874,82
Z18930,1164,1089,75
Z18932,214,189,25
Z18935,0,0,0
Z18936,12,12,0
Z18938,6840,6005,835
Z18940,11250,10688,562
Z18942,1464,1269,195
Z18944,9470,9149,321
Z18947,2384,2300,84
Z18950,92,80,12
Z18951,13854,13521,333
Z18954,3331,3175,156
Z18955,665,594,71
Z18960,5152,4934,218
Z18962,217,211,6
Z18964,5259,4955,304
Z18966,14380,14094,286
Z18969,5942,5750,192
Z18970,319,302,17
Z18972,1778,1504,274
Z18974,16520,16043,477
Z18976,7241,7055,186
Z18977,1587,1524,63
Z18980,211,211,0
Z19001,6606,6358,248
Z19002,12720,12338,382
Z19003,5677,5221,456
Z19004,4089,3832,257
Z19006,8083,7799,284
Z19007,8725,7900,825
Z19008,7398,7197,201
Z19009,294,271,23
Z19010,8116,7406,710
Z19012,2360,2267,93
Z19013,15565,12318,3247
Z19014,7973,7566,407
Z19015,6932,6315,617
Z19017,109,109,0
Z19018,9902,9193,709
Z19020,23627,21776,1851
Z19021,4050,3667,383
Z19022,1644,1370,274
Z19023,8607,7247,1360
Z19025,2096,1967,129
Z19026,12860,11938,922
Z19027,8737,8245,492
Z19029,1678,1520,158
Z19030,4781,4491,290
Z19031,2017,1897,120
Z19032,2672,2354,318
Z19033,3133,3039,94
Z19034,2216,1960,256
Z19035,1626,1419,207
Z19036,5598,5265,333
Z19038,11539,11058,481
Z19040,8374,7815,559
Z19041,2581,2371,210
Z19043,1157,1044,113
Z19044,7000,6516,484
Z19046,7841,7097,744
Z19047,13598,12928,670
Z19050,11853,10791,1062
Z19053,10134,9494,640
Z19054,6581,6217,364
Z19055,5098,4722,376
Z19056,5589,5403,186
Z19057,6633,6242,391
Z19060,3774,3731,43
Z19061,8173,7583,590
Z19063,14936,13975,961
Z19064,8790,8517,273
Z19066,1901,1812,89
Z19067,20785,19511,1274
Z19070,2921,2707,214
Z19072,4239,3971,268
Z19073,8188,7797,391
Z19074,2280,2072,208
Z19075,2741,2693,48
Z19076,2756,2504,252
Z19078,4677,4440,237
Z19079,3643,3325,318
Z19081,3576,3361,215
Z19082,16121,13623,2498
Z19083,13733,13228,505
Z19085,2032,1825,207
Z19086,4551,4308,243
Z19087,12754,12212,542
Z19090,7608,7170,438
Z19094,1844,1749,95
Z19095,3510,3084,426
Z19096,5634,5494,140
Z19102,3323,2807,516
Z19103,16571,14610,1961
Z19104,19002,15436,3566
Z19106,6996,6183,813
Z19107,7667,6631,1036
Z19109,0,0,0
Z19111,25997,24021,1976
Z19112,0,0,0
Z19113,75,51,24
Z19114,13704,12834,870
Z19115,14253,13595,658
Z19116,13202,12670,532
Z19118,4568,4270,298
Z19119,13294,12056,1238
Z19120,25186,22987,2199
Z19121,16808,12258,4550
Z19122,7096,5906,1190
Z19123,7349,6452,897
Z19124,25809,22178,3631
Z19125,10736,9187,1549
Z19126,6516,5764,752
Z19127,2692,2186,506
Z19128,16687,15264,1423
Z19129,5107,4551,556
Z19130,13879,12382,1497
Z19131,21085,17741,3344
Z19132,18243,13447,4796
Z19133,10780,8676,2104
Z19134,23448,19976,3472
Z19135,13294,11478,1816
Z19136,13329,12237,1092
Z19137,3228,2944,284
Z19138,13410,11344,2066
Z19139,20556,16014,4542
Z19140,22201,18284,3917
Z19141,14201,12479,1722
Z19142,11411,9538,1873
Z19143,30233,25254,4979
Z19144,21670,16933,4737
Z19145,20621,18161,2460
Z19146,19244,16128,3116
Z19147,18592,16296,2296
Z19148,21748,19495,2253
Z19149,20267,18541,1726
Z19150,10636,9820,816
Z19151,13266,11969,1297
Z19152,13499,12772,727
Z19153,5725,5241,484
Z19154,13127,12081,1046
Z19301,2785,2722,63
Z19310,1009,979,30
Z19311,3071,2900,171
Z19312,4462,4347,115
Z19316,76,43,33
Z19317,3776,3703,73
Z19319,78,78,0
Z19320,20881,19246,1635
Z19330,1975,1913,62
Z19333,3262,2847,415
Z19335,18247,17505,742
Z19341,7007,6715,292
Z19342,7917,7513,404
Z19343,3029,2961,68
Z19344,4561,4255,306
Z19345,8,8,0
Z19348,8781,8264,517
Z19350,4128,3974,154
Z19352,2860,2742,118
Z19355,9349,8963,386
Z19358,231,191,40
Z19362,2228,2059,169
Z19363,5980,5729,251
Z19365,2733,2610,123
Z19367,34,34,0
Z19372,654,654,0
Z19373,959,959,0
Z19374,283,269,14
Z19375,36,36,0
Z19380,20307,19571,736
Z19382,20688,19984,704
Z19383,0,0,0
Z19390,5003,4865,138
Z19401,18136,15903,2233
Z19403,18701,17823,878
Z19405,2752,2465,287
Z19406,10744,9924,820
Z19422,7578,7130,448
Z19425,5081,4946,135
Z19426,12476,12079,397
Z19428,8064,7443,621
Z19435,52,52,0
Z19436,370,370,0
Z19437,303,303,0
Z19438,9431,9129,302
Z19440,7398,7135,263
Z19442,0,0,0
Z19444,4540,4337,203
Z19446,22849,21709,1140
Z19453,670,615,55
Z19454,11408,11110,298
Z19456,277,277,0
Z19457,79,79,0
Z19460,17170,16410,760
Z19462,5931,5820,111
Z19464,19217,17823,1394
Z19465,6853,6489,364
Z19468,10374,10032,342
Z19472,17,17,0
Z19473,6250,6014,236
Z19474,366,302,64
Z19475,4285,4163,122
Z19477,11,11,0
Z19492,295,244,51
Z19501,443,431,12
Z19503,542,532,10
Z19504,1971,1912,59
Z19505,1269,1225,44
Z19506,2903,2707,196
Z19507,1284,1227,57
Z19508,6440,6228,212
Z19510,2847,2782,65
Z19511,77,77,0
Z19512,7188,6981,207
Z19518,5465,5367,98
Z19519,14,14,0
Z19520,2478,2331,147
Z19522,5779,5621,158
Z19523,143,143,0
Z19525,5533,5284,249
Z19526,4803,4579,224
Z19529,1382,1316,66
Z19530,5322,4782,540
Z19533,2472,2345,127
Z19534,886,816,70
Z19535,15,15,0
Z19536,248,234,14
Z19538,15,15,0
Z19539,1735,1658,77
Z19540,4607,4380,227
Z19541,1617,1576,41
Z19542,0,0,0
Z19543,2172,2073,99
Z19544,27,27,0
Z19545,250,230,20
Z19547,1749,1566,183
Z19549,131,102,29
Z19550,178,163,15
Z19551,2020,1927,93
Z19554,209,196,13
Z19555,1455,1414,41
Z19559,145,129,16
Z19560,3365,3159,206
Z19562,1154,1134,20
Z19564,89,54,35
Z19565,3634,3345,289
Z19567,2113,1950,163
Z19601,13723,11958,1765
Z19602,8227,6649,1578
Z19604,9440,8158,1282
Z19605,8014,7542,472
Z19606,13804,12942,862
Z19607,9968,9542,426
Z19608,8308,7974,334
Z19609,4152,3852,300
Z19610,6728,6320,408
Z19611,4231,3926,305
Z19701,14943,14115,828
Z19702,20652,19298,1354
Z19703,6603,6047,556
Z19706,802,723,79
Z19707,5876,5726,150
Z19709,12517,12015,502
Z19710,9,9,0
Z19711,20402,18983,1419
Z19713,12752,12036,716
Z19716,0,0,0
Z19717,0,0,0
Z19720,22852,21289,1563
Z19730,395,368,27
Z19731,94,94,0
Z19732,33,33,0
Z19733,101,91,10
Z19734,3969,3749,220
Z19735,9,9,0
Z19736,0,0,0
Z19801,8014,6218,1796
Z19802,11923,10282,1641
Z19803,8733,8442,291
Z19804,7621,6991,630
Z19805,17804,15465,2339
Z19806,5876,5039,837
Z19807,3437,3058,379
Z19808,16079,15272,807
Z19809,6583,5984,599
Z19810,10375,10029,346
Z19901,14512,13354,1158
Z19902,0,0,0
Z19904,13397,11699,1698
Z19930,8500,1170,7330
Z19931,133,112,21
Z19933,3598,3279,319
Z19934,5472,5116,356
Z19936,113,103,10
Z19938,3260,3099,161
Z19939,3794,2422,1372
Z19940,2114,1839,275
Z19941,1076,970,106
Z19943,4983,4515,468
Z19944,1766,346,1420
Z19945,4222,2705,1517
Z19946,1910,1577,333
Z19947,6430,5804,626
Z19950,2788,2519,269
Z19951,845,712,133
Z19952,4383,3956,427
Z19953,1658,1450,208
Z19954,636,576,60
Z19955,28,28,0
Z19956,6518,5794,724
Z19958,16842,10085,6757
Z19960,2806,2464,342
Z19962,4104,3695,409
Z19963,8878,7463,1415
Z19964,527,442,85
Z19966,16393,10727,5666
Z19967,476,301,175
Z19968,4739,3850,889
Z19970,7291,3332,3959
Z19971,15547,6064,9483
Z19973,10058,8933,1125
Z19975,6985,3769,3216
Z19977,8943,8182,761
Z19979,237,205,32
Z20001,19701,17917,1784
Z20002,27566,24343,3223
Z20003,13143,11912,1231
Z20004,1545,1135,410
Z20005,9024,8351,673
Z20006,850,748,102
Z20007,13325,11985,1340
Z20008,16994,15495,1499
Z20009,28559,26682,1877
Z20010,13828,12826,1002
Z20011,26245,24371,1874
Z20012,6257,5765,492
Z20015,6788,6445,343
Z20016,15045,14011,1034
Z20017,8084,7518,566
Z20018,8293,7666,627
Z20019,26106,22620,3486
Z20020,24464,21084,3380
Z20024,7736,7043,693
Z20032,16593,14235,2358
Z20036,4147,3828,319
Z20037,8408,7088,1320
Z20045,0,0,0
Z20052,0,0,0
Z20053,0,0,0
Z20057,0,0,0
Z20064,0,0,0
Z20105,4757,4673,84
Z20106,2152,1977,175
Z20109,13721,12649,1072
Z20110,15060,14103,957
Z20111,10217,9858,359
Z20112,8484,8119,365
Z20115,2727,2397,330
Z20117,1483,1140,343
Z20118,2,2,0
Z20119,1594,1492,102
Z20120,14058,13852,206
Z20121,10414,9997,417
Z20124,4972,4863,109
Z20129,259,203,56
Z20130,130,72,58
Z20132,5656,5303,353
Z20135,1403,1187,216
Z20136,9142,8910,232
Z20137,462,402,60
Z20139,103,103,0
Z20141,2222,2060,162
Z20143,405,405,0
Z20144,561,461,100
Z20147,21168,20576,592
Z20148,12550,11999,551
Z20151,7086,6857,229
Z20152,9130,8701,429
Z20155,11248,10753,495
Z20158,1596,1438,158
Z20164,12572,12141,431
Z20165,11820,11387,433
Z20166,3648,3495,153
Z20169,7439,7207,232
Z20170,14166,13342,824
Z20171,17111,16455,656
Z20175,11038,10670,368
Z20176,17178,16100,1078
Z20180,2413,2270,143
Z20181,2546,2494,52
Z20184,373,245,128
Z20186,5984,5542,442
Z20187,5633,5408,225
Z20190,9163,8522,641
Z20191,11980,11528,452
Z20194,5852,5680,172
Z20197,669,618,51
Z20198,1321,967,354
Z20202,0,0,0
Z20204,0,0,0
Z20228,0,0,0
Z20230,0,0,0
Z20240,0,0,0
Z20245,0,0,0
Z20260,0,0,0
Z20307,0,0,0
Z20317,611,322,289
Z20319,0,0,0
Z20373,0,0,0
Z20390,0,0,0
Z20405,0,0,0
Z20418,0,0,0
Z20427,0,0,0
Z20506,0,0,0
Z20510,0,0,0
Z20520,0,0,0
Z20535,0,0,0
Z20540,0,0,0
Z20551,0,0,0
Z20553,0,0,0
Z20560,0,0,0
Z20565,0,0,0
Z20566,0,0,0
Z20593,0,0,0
Z20601,8866,8498,368
Z20602,10407,9738,669
Z20603,11212,10731,481
Z20606,225,193,32
Z20607,3634,3464,170
Z20608,380,284,96
Z20609,541,443,98
Z20611,504,439,65
Z20612,217,217,0
Z20613,5112,4753,359
Z20615,183,165,18
Z20616,2248,1975,273
Z20617,333,333,0
Z20618,327,250,77
Z20619,4650,4298,352
Z20620,538,503,35
Z20621,653,411,242
Z20622,1646,1580,66
Z20623,958,855,103
Z20624,512,476,36
Z20625,426,269,157
Z20626,232,147,85
Z20628,148,100,48
Z20629,258,111,147
Z20630,125,125,0
Z20632,118,118,0
Z20634,2941,2636,305
Z20636,3941,3483,458
Z20637,1749,1749,0
Z20639,4959,4604,355
Z20640,4402,3862,540
Z20645,417,362,55
Z20646,6865,6613,252
Z20650,5529,5004,525
Z20653,9868,8960,908
Z20657,7873,6911,962
Z20658,368,368,0
Z20659,8277,7804,473
Z20660,25,25,0
Z20662,1272,1070,202
Z20664,1468,1151,317
Z20667,319,212,107
Z20670,481,393,88
Z20674,555,343,212
Z20675,624,602,22
Z20676,1610,1389,221
Z20677,876,772,104
Z20678,4604,4335,269
Z20680,557,481,76
Z20684,548,424,124
Z20685,2379,2159,220
Z20686,105,71,34
Z20687,311,184,127
Z20688,1166,944,222
Z20689,587,538,49
Z20690,270,255,15
Z20692,638,584,54
Z20693,503,470,33
Z20695,2509,2220,289
Z20701,0,0,0
Z20705,9333,8790,543
Z20706,13190,12194,996
Z20707,12818,12024,794
Z20708,10633,9784,849
Z20710,4056,3686,370
Z20711,2523,2382,141
Z20712,3853,3618,235
Z20714,2137,1850,287
Z20715,9121,8724,397
Z20716,8527,8224,303
Z20720,7555,7193,362
Z20721,9807,9359,448
Z20722,1993,1778,215
Z20723,11424,10952,472
Z20724,6922,6587,335
Z20732,3701,3357,344
Z20733,1145,1051,94
Z20735,13108,12463,645
Z20736,3312,3121,191
Z20737,6263,5891,372
Z20740,10094,9132,962
Z20742,0,0,0
Z20743,15720,14123,1597
Z20744,19684,18552,1132
Z20745,12169,10684,1485
Z20746,12588,10998,1590
Z20747,16458,14675,1783
Z20748,16544,14646,1898
Z20751,1011,925,86
Z20754,2445,2333,112
Z20755,3044,2674,370
Z20758,215,215,0
Z20759,1306,1268,38
Z20762,1229,897,332
Z20763,830,804,26
Z20764,1938,1705,233
Z20765,282,250,32
Z20769,2172,2126,46
Z20770,10878,10183,695
Z20772,16627,15882,745
Z20774,17619,16488,1131
Z20776,1254,1214,40
Z20777,1189,1160,29
Z20778,759,701,58
Z20779,629,516,113
Z20781,4178,3810,368
Z20782,12063,11447,616
Z20783,13805,13301,504
Z20784,10508,9840,668
Z20785,15030,13629,1401
Z20794,3742,3307,435
Z20812,102,101,1
Z20814,13714,12657,1057
Z20815,13807,13107,700
Z20816,6581,6210,371
Z20817,13695,12985,710
Z20818,810,754,56
Z20832,8819,8662,157
Z20833,2629,2547,82
Z20837,2036,1917,119
Z20838,93,91,2
Z20839,32,32,0
Z20841,3135,2956,179
Z20842,726,630,96
Z20850,19282,18413,869
Z20851,5248,4969,279
Z20852,21171,20076,1095
Z20853,10046,9848,198
Z20854,17410,16808,602
Z20855,4945,4925,20
Z20860,860,842,18
Z20861,635,581,54
Z20862,106,106,0
Z20866,4791,4569,222
Z20868,290,290,0
Z20871,5392,5242,150
Z20872,4509,4225,284
Z20874,22728,21905,823
Z20876,8948,8574,374
Z20877,13153,12298,855
Z20878,23746,22765,981
Z20879,8564,8264,300
Z20880,228,225,3
Z20882,4660,4443,217
Z20886,12784,11929,855
Z20895,7385,7056,329
Z20896,315,310,5
Z20899,127,127,0
Z20901,12889,12441,448
Z20902,17451,16627,824
Z20903,7505,7202,303
Z20904,21801,20584,1217
Z20905,5985,5824,161
Z20906,26003,24849,1154
Z20910,20505,19429,1076
Z20912,10135,9513,622
Z21001,9878,9182,696
Z21005,900,614,286
Z21009,11900,11106,794
Z21010,94,73,21
Z21012,7925,7505,420
Z21013,1789,1716,73
Z21014,14379,13948,431
Z21015,10458,9808,650
Z21017,2908,2805,103
Z21028,1273,1231,42
Z21029,3634,3519,115
Z21030,10919,10174,745
Z21031,0,0,0
Z21032,3600,3291,309
Z21034,1320,1243,77
Z21035,2779,2779,0
Z21036,773,773,0
Z21037,8280,7708,572
Z21040,9486,8726,760
Z21042,13772,13358,414
Z21043,17046,16148,898
Z21044,18260,17303,957
Z21045,15352,14847,505
Z21046,6581,6355,226
Z21047,4270,4089,181
Z21048,4016,3797,219
Z21050,6492,6358,134
Z21051,100,100,0
Z21052,116,104,12
Z21053,1217,1141,76
Z21054,4126,3842,284
Z21056,138,76,62
Z21057,1663,1493,170
Z21060,13251,12364,887
Z21061,22514,21264,1250
Z21071,253,225,28
Z21074,5700,5524,176
Z21075,10780,10413,367
Z21076,6395,6059,336
Z21077,192,174,18
Z21078,8318,7595,723
Z21082,186,186,0
Z21084,2696,2559,137
Z21085,6691,6317,374
Z21087,2005,1877,128
Z21090,3920,3654,266
Z21093,16090,15326,764
Z21102,4133,3839,294
Z21104,1667,1660,7
Z21105,9,9,0
Z21108,6548,6218,330
Z21111,1699,1594,105
Z21113,13305,12656,649
Z21114,10075,9784,291
Z21117,24142,22608,1534
Z21120,2592,2540,52
Z21122,23071,21805,1266
Z21128,5207,4987,220
Z21130,103,103,0
Z21131,2715,2482,233
Z21132,936,862,74
Z21133,12199,11325,874
Z21136,13115,12362,753
Z21140,1322,1278,44
Z21144,11913,11344,569
Z21146,9821,9300,521
Z21152,2237,2218,19
Z21153,136,136,0
Z21154,2317,2131,186
Z21155,1050,1003,47
Z21156,170,170,0
Z21157,14443,13693,750
Z21158,7773,7449,324
Z21160,992,903,89
Z21161,2028,1894,134
Z21162,1409,1309,100
Z21163,2577,2458,119
Z21201,10593,9173,1420
Z21202,10357,8011,2346
Z21204,8193,7442,751
Z21205,7164,5206,1958
Z21206,21995,19587,2408
Z21207,20891,18617,2274
Z21208,15909,14630,1279
Z21209,12393,11872,521
Z21210,5751,5458,293
Z21211,8815,7985,830
Z21212,14612,13137,1475
Z21213,15219,11072,4147
Z21214,9153,8052,1101
Z21215,26932,22314,4618
Z21216,14982,10416,4566
Z21217,21963,14895,7068
Z21218,22861,18738,4123
Z21219,3679,3423,256
Z21220,16492,14886,1606
Z21221,17698,15989,1709
Z21222,23183,20783,2400
Z21223,13862,8826,5036
Z21224,22908,19534,3374
Z21225,14075,12016,2059
Z21226,3122,2721,401
Z21227,13405,12304,1101
Z21228,19680,18568,1112
Z21229,20442,17832,2610
Z21230,17225,14688,2537
Z21231,8734,7576,1158
Z21234,31209,29170,2039
Z21236,16337,15344,993
Z21237,12473,11579,894
Z21239,12727,11617,1110
Z21240,0,0,0
Z21244,14743,13791,952
Z21250,0,0,0
Z21251,0,0,0
Z21252,0,0,0
Z21286,8598,8056,542
Z21401,17540,16040,1500
Z21402,349,279,70
Z21403,14217,12741,1476
Z21405,281,176,105
Z21409,7815,7348,467
Z21502,19225,16599,2626
Z21520,1186,863,323
Z21521,703,582,121
Z21522,70,39,31
Z21523,126,97,29
Z21524,296,229,67
Z21529,225,218,7
Z21530,896,727,169
Z21531,1338,920,418
Z21532,6765,5804,961
Z21536,1726,1493,233
Z21538,295,207,88
Z21539,1123,945,178
Z21540,60,41,19
Z21541,2368,632,1736
Z21542,292,292,0
Z21543,63,63,0
Z21545,833,795,38
Z21550,8240,5746,2494
Z21555,963,676,287
Z21557,770,693,77
Z21561,2691,1036,1655
Z21562,1534,1248,286
Z21601,11715,10151,1564
Z21607,261,224,37
Z21610,324,130,194
Z21612,418,221,197
Z21613,9061,7427,1634
Z21617,4084,3630,454
Z21619,2816,2337,479
Z21620,6078,4994,1084
Z21622,381,272,109
Z21623,743,628,115
Z21624,80,65,15
Z21625,1121,1073,48
Z21626,157,109,48
Z21627,50,15,35
Z21628,329,285,44
Z21629,4053,3583,470
Z21631,1209,984,225
Z21632,2776,2458,318
Z21634,304,103,201
Z21635,1192,926,266
Z21636,509,399,110
Z21638,2247,1829,418
Z21639,1806,1576,230
Z21640,605,557,48
Z21641,38,30,8
Z21643,2496,2007,489
Z21644,41,41,0
Z21645,587,346,241
Z21647,179,101,78
Z21648,143,104,39
Z21649,640,519,121
Z21650,83,44,39
Z21651,1203,1021,182
Z21652,180,97,83
Z21653,67,32,35
Z21654,966,543,423
Z21655,2021,1849,172
Z21657,284,281,3
Z21658,1766,1457,309
Z21659,773,590,183
Z21660,1484,1341,143
Z21661,1869,1150,719
Z21662,444,266,178
Z21663,2095,1421,674
Z21664,295,257,38
Z21665,189,145,44
Z21666,5112,4211,901
Z21667,173,112,61
Z21668,736,661,75
Z21669,205,90,115
Z21671,581,380,201
Z21672,123,83,40
Z21673,1481,1352,129
Z21675,120,88,32
Z21676,320,193,127
Z21677,264,192,72
Z21678,1164,725,439
Z21679,191,191,0
Z21701,16056,15230,826
Z21702,15821,15157,664
Z21703,13189,12399,790
Z21704,5007,4955,52
Z21705,0,0,0
Z21710,1889,1788,101
Z21711,363,299,64
Z21713,3971,3670,301
Z21714,32,32,0
Z21716,2093,1962,131
Z21717,10,10,0
Z21718,70,61,9
Z21719,690,504,186
Z21722,2070,1981,89
Z21723,238,238,0
Z21727,1795,1670,125
Z21733,340,340,0
Z21734,345,325,20
Z21737,609,584,25
Z21738,1110,1110,0
Z21740,25547,23232,2315
Z21742,13980,13134,846
Z21746,0,0,0
Z21750,1899,1522,377
Z21754,2145,2137,8
Z21755,2113,2104,9
Z21756,1387,1356,31
Z21757,1253,1180,73
Z21758,1896,1745,151
Z21762,85,85,0
Z21766,496,242,254
Z21767,575,528,47
Z21769,4263,3998,265
Z21770,1898,1857,41
Z21771,10193,9929,264
Z21773,2066,1949,117
Z21774,4372,4269,103
Z21776,2067,1862,205
Z21777,547,534,13
Z21778,406,340,66
Z21779,317,317,0
Z21780,578,551,27
Z21781,48,0,48
Z21782,1866,1659,207
Z21783,3436,3263,173
Z21784,13963,13507,456
Z21787,4237,3962,275
Z21788,5121,4702,419
Z21790,35,35,0
Z21791,2184,2049,135
Z21793,3659,3588,71
Z21794,1016,929,87
Z21795,4076,3762,314
Z21797,3100,2915,185
Z21798,868,814,54
Z21801,12276,10671,1605
Z21802,0,0,0
Z21804,16388,14688,1700
Z21810,256,206,50
Z21811,15182,8991,6191
Z21813,1129,841,288
Z21814,350,278,72
Z21817,2849,2131,718
Z21821,699,416,283
Z21822,858,852,6
Z21824,146,58,88
Z21826,2009,1922,87
Z21829,310,285,25
Z21830,1364,1272,92
Z21835,348,325,23
Z21837,1103,1031,72
Z21838,852,634,218
Z21840,243,192,51
Z21841,366,345,21
Z21842,32798,5257,27541
Z21849,1565,1318,247
Z21850,1128,1011,117
Z21851,3279,2738,541
Z21853,4586,3616,970
Z21856,428,284,144
Z21861,413,375,38
Z21862,124,124,0
Z21863,2074,1780,294
Z21864,285,261,24
Z21865,260,233,27
Z21866,72,19,53
Z21867,69,20,49
Z21869,481,341,140
Z21871,1243,842,401
Z21872,282,234,48
Z21874,915,864,51
Z21875,2714,2358,356
Z21890,0,0,0
Z21901,7781,6729,1052
Z21902,90,0,90
Z21903,2509,2230,279
Z21904,2816,2588,228
Z21911,4092,3703,389
Z21912,391,333,58
Z21913,361,327,34
Z21914,327,213,114
Z21915,1603,1168,435
Z21916,0,0,0
Z21917,931,931,0
Z21918,1420,1320,100
Z21919,2276,1334,942
Z21920,132,132,0
Z21921,17243,15662,1581
Z21930,58,58,0
Z22003,19933,19229,704
Z22015,15067,14697,370
Z22025,6135,6024,111
Z22026,5025,4702,323
Z22027,721,657,64
Z22030,19859,19299,560
Z22031,12432,11817,615
Z22032,9925,9619,306
Z22033,15866,15274,592
Z22035,0,0,0
Z22039,5976,5860,116
Z22041,11226,10661,565
Z22042,12472,11883,589
Z22043,9857,9347,510
Z22044,6096,5736,360
Z22046,6474,6284,190
Z22060,3102,2854,248
Z22066,6037,5804,233
Z22079,11675,11098,577
Z22101,11083,10624,459
Z22102,10821,10028,793
Z22124,6964,6740,224
Z22125,360,350,10
Z22134,1608,1523,85
Z22150,9349,8853,496
Z22151,5815,5504,311
Z22152,10590,10258,332
Z22153,10545,10243,302
Z22172,3353,3198,155
Z22180,8732,8535,197
Z22181,5527,5282,245
Z22182,9191,8973,218
Z22185,0,0,0
Z22191,22153,21104,1049
Z22192,20301,19540,761
Z22193,23946,23238,708
Z22201,19710,17372,2338
Z22202,15199,12191,3008
Z22203,11871,11070,801
Z22204,22753,21237,1516
Z22205,6988,6775,213
Z22206,11334,10338,996
Z22207,12053,11393,660
Z22209,8287,6894,1393
Z22211,121,93,28
Z22213,1452,1354,98
Z22214,0,0,0
Z22301,5471,5218,253
Z22302,9135,8456,679
Z22303,7339,6736,603
Z22304,23412,20988,2424
Z22305,6922,6196,726
Z22306,12364,11598,766
Z22307,4790,4417,373
Z22308,4696,4587,109
Z22309,12176,11349,827
Z22310,11966,11485,481
Z22311,8558,7679,879
Z22312,12118,11147,971
Z22314,18510,16214,2296
Z22315,11090,10614,476
Z22401,11252,10080,1172
Z22405,10648,10170,478
Z22406,8321,7775,546
Z22407,20433,19407,1026
Z22408,9890,9315,575
Z22427,1233,1175,58
Z22432,264,160,104
Z22433,106,106,0
Z22435,1228,1072,156
Z22436,459,376,83
Z22437,454,346,108
Z22438,149,85,64
Z22443,4908,3441,1467
Z22448,179,147,32
Z22454,1198,704,494
Z22460,997,628,369
Z22469,1306,610,696
Z22473,3512,2219,1293
Z22476,241,227,14
Z22480,646,490,156
Z22482,1937,1555,382
Z22485,9527,8232,1295
Z22488,827,408,419
Z22503,2847,1918,929
Z22504,162,85,77
Z22508,5615,5105,510
Z22509,6,6,0
Z22511,1119,629,490
Z22514,1150,969,181
Z22520,3342,2211,1131
Z22529,202,202,0
Z22530,194,10,184
Z22534,1073,1002,71
Z22535,204,183,21
Z22538,56,56,0
Z22539,2051,1268,783
Z22542,888,727,161
Z22546,6776,6225,551
Z22548,45,45,0
Z22551,7340,6859,481
Z22553,4840,4478,362
Z22554,17759,16791,968
Z22556,9031,8669,362
Z22560,3004,2379,625
Z22567,1091,975,116
Z22572,2924,2212,712
Z22576,1069,660,409
Z22578,1786,1078,708
Z22579,74,28,46
Z22580,2172,1940,232
Z22601,12422,11127,1295
Z22602,11026,10157,869
Z22603,5836,5366,470
Z22610,846,674,172
Z22611,3716,3332,384
Z22620,1089,888,201
Z22623,248,248,0
Z22624,1013,958,55
Z22625,1565,1442,123
Z22627,349,274,75
Z22630,13162,11866,1296
Z22637,1023,779,244
Z22639,259,202,57
Z22640,301,275,26
Z22641,169,149,20
Z22642,1861,1561,300
Z22643,53,53,0
Z22644,1041,919,122
Z22645,1596,1513,83
Z22646,120,93,27
Z22650,517,342,175
Z22652,740,474,266
Z22654,591,488,103
Z22655,7865,7222,643
Z22656,1081,996,85
Z22657,4909,4310,599
Z22660,808,748,60
Z22663,691,586,105
Z22664,3918,3513,405
Z22701,12699,11670,1029
Z22709,405,367,38
Z22711,43,14,29
Z22712,2897,2621,276
Z22713,597,538,59
Z22714,396,378,18
Z22715,650,638,12
Z22716,501,488,13
Z22718,276,276,0
Z22719,211,168,43
Z22720,398,348,50
Z22722,116,116,0
Z22723,24,13,11
Z22724,858,781,77
Z22726,246,215,31
Z22727,2409,1947,462
Z22728,1298,1162,136
Z22729,35,35,0
Z22730,22,22,0
Z22731,17,17,0
Z22732,106,106,0
Z22733,596,549,47
Z22734,1191,1122,69
Z22735,1030,777,253
Z22736,256,256,0
Z22737,1043,917,126
Z22738,516,446,70
Z22740,744,578,166
Z22741,29,29,0
Z22742,716,671,45
Z22743,189,128,61
Z22747,698,537,161
Z22749,161,111,50
Z22801,14106,12716,1390
Z22802,11441,10803,638
Z22807,3,3,0
Z22810,1075,268,807
Z22811,222,177,45
Z22812,3223,3102,121
Z22815,3743,3345,398
Z22820,217,106,111
Z22821,2330,2094,236
Z22824,2886,2521,365
Z22827,4756,4136,620
Z22830,913,707,206
Z22831,417,366,51
Z22832,525,525,0
Z22834,419,419,0
Z22835,5773,4629,1144
Z22840,3501,1721,1780
Z22841,1294,1195,99
Z22842,3008,2042,966
Z22843,1062,894,168
Z22844,2257,1960,297
Z22845,0,0,0
Z22846,740,740,0
Z22847,409,384,25
Z22849,2336,1871,465
Z22850,387,313,74
Z22851,2848,2329,519
Z22853,2006,1795,211
Z22901,15776,13997,1779
Z22902,10518,9684,834
Z22903,16461,14316,2145
Z22904,39,39,0
Z22911,7414,7014,400
Z22920,2113,1700,413
Z22922,1127,811,316
Z22923,2182,1879,303
Z22931,182,174,8
Z22932,3381,2990,391
Z22935,438,342,96
Z22936,1812,1735,77
Z22937,751,645,106
Z22938,804,720,84
Z22939,2208,1940,268
Z22940,474,411,63
Z22942,3904,3362,542
Z22943,137,103,34
Z22946,119,97,22
Z22947,2095,1843,252
Z22948,60,60,0
Z22949,605,517,88
Z22952,1051,886,165
Z22958,3089,1010,2079
Z22959,578,497,81
Z22960,4685,3864,821
Z22963,6470,6017,453
Z22964,127,67,60
Z22967,1052,729,323
Z22968,3865,3562,303
Z22969,623,453,170
Z22971,760,631,129
Z22972,196,132,64
Z22973,3042,2641,401
Z22974,2079,1984,95
Z22976,322,171,151
Z22980,14354,13131,1223
Z22989,0,0,0
Z23002,4260,3762,498
Z23004,425,329,96
Z23005,6165,5914,251
Z23009,2558,2387,171
Z23011,444,444,0
Z23015,1700,1547,153
Z23021,143,118,25
Z23022,583,539,44
Z23023,161,161,0
Z23024,4341,3246,1095
Z23025,141,65,76
Z23027,566,459,107
Z23030,2246,1988,258
Z23032,163,116,47
Z23035,809,558,251
Z23038,794,729,65
Z23039,601,490,111
Z23040,2088,1697,391
Z23043,1702,740,962
Z23045,67,40,27
Z23047,782,662,120
Z23050,298,291,7
Z23055,336,314,22
Z23056,203,136,67
Z23059,12832,12013,819
Z23060,13529,12832,697
Z23061,9024,7997,1027
Z23062,1203,1011,192
Z23063,1989,1720,269
Z23064,119,61,58
Z23065,878,824,54
Z23066,631,234,397
Z23068,183,170,13
Z23069,1122,1069,53
Z23070,265,224,41
Z23071,945,680,265
Z23072,5171,4604,567
Z23075,4365,3994,371
Z23076,405,320,85
Z23079,275,174,101
Z23083,876,738,138
Z23084,793,694,99
Z23085,224,195,29
Z23086,1267,1162,105
Z23089,2225,1944,281
Z23091,178,136,42
Z23092,316,201,115
Z23093,5970,4834,1136
Z23102,1095,1075,20
Z23103,2030,1947,83
Z23106,436,320,116
Z23108,109,109,0
Z23109,1263,1132,131
Z23110,326,260,66
Z23111,14912,14112,800
Z23112,19087,17817,1270
Z23113,9704,9284,420
Z23114,6856,6640,216
Z23115,91,91,0
Z23116,10044,9742,302
Z23117,5233,3403,1830
Z23119,180,168,12
Z23120,2233,2190,43
Z23123,803,635,168
Z23124,1375,1323,52
Z23125,175,37,138
Z23126,97,97,0
Z23128,571,440,131
Z23129,174,150,24
Z23130,131,45,86
Z23138,451,154,297
Z23139,9563,9062,501
Z23140,2583,2301,282
Z23141,2467,2396,71
Z23146,1264,1192,72
Z23148,998,866,132
Z23149,1299,1100,199
Z23150,5240,4741,499
Z23153,533,450,83
Z23156,821,666,155
Z23160,0,0,0
Z23161,151,83,68
Z23163,153,58,95
Z23168,2595,2248,347
Z23169,897,520,377
Z23173,0,0,0
Z23175,1434,867,567
Z23176,307,214,93
Z23177,264,182,82
Z23180,236,151,85
Z23181,2550,2331,219
Z23185,20666,17314,3352
Z23187,0,0,0
Z23188,18259,16538,1721
Z23192,2703,2598,105
Z23219,2130,1764,366
Z23220,15379,13236,2143
Z23221,8017,7561,456
Z23222,11324,9432,1892
Z23223,23249,20464,2785
Z23224,15127,13122,2005
Z23225,20065,17976,2089
Z23226,7621,6904,717
Z23227,13086,11707,1379
Z23228,16148,14924,1224
Z23229,13405,12706,699
Z23230,2800,2601,199
Z23231,14886,13930,956
Z23233,12285,11608,677
Z23234,17244,15393,1851
Z23235,13540,12637,903
Z23236,10362,9779,583
Z23237,8477,7769,708
Z23238,11994,10898,1096
Z23250,0,0,0
Z23294,8278,7584,694
Z23301,680,488,192
Z23302,95,95,0
Z23303,549,502,47
Z23304,82,82,0
Z23306,428,360,68
Z23307,389,252,137
Z23308,891,769,122
Z23310,2967,1978,989
Z23313,71,58,13
Z23314,3105,2846,259
Z23315,725,613,112
Z23316,196,178,18
Z23320,23260,21742,1518
Z23321,13184,12457,727
Z23322,20456,19525,931
Z23323,13185,12470,715
Z23324,9505,8675,830
Z23325,7093,6662,431
Z23336,4361,1402,2959
Z23337,242,242,0
Z23347,397,241,156
Z23350,2013,1508,505
Z23354,102,83,19
Z23356,1013,488,525
Z23357,311,278,33
Z23358,121,16,105
Z23359,463,352,111
Z23389,168,73,95
Z23395,777,193,584
Z23398,28,28,0
Z23401,126,105,21
Z23405,584,449,135
Z23407,240,204,36
Z23408,14,14,0
Z23409,71,40,31
Z23410,1238,1101,137
Z23413,476,386,90
Z23414,40,40,0
Z23415,894,648,246
Z23416,169,169,0
Z23417,2166,1692,474
Z23418,428,344,84
Z23420,1268,1078,190
Z23421,2186,1757,429
Z23422,103,103,0
Z23423,188,146,42
Z23426,118,77,41
Z23427,157,109,48
Z23430,7393,6887,506
Z23432,583,482,101
Z23433,508,487,21
Z23434,19578,17410,2168
Z23435,10712,9888,824
Z23436,416,400,16
Z23437,1736,1594,142
Z23438,809,716,93
Z23440,265,212,53
Z23441,80,58,22
Z23442,732,588,144
Z23451,23400,19798,3602
Z23452,23891,22468,1423
Z23453,12830,12081,749
Z23454,24254,22421,1833
Z23455,21094,19527,1567
Z23456,18685,16900,1785
Z23457,1659,1589,70
Z23459,274,255,19
Z23460,0,0,0
Z23461,0,0,0
Z23462,26628,24340,2288
Z23464,28109,26863,1246
Z23480,331,157,174
Z23486,73,73,0
Z23487,2393,2230,163
Z23488,132,75,57
Z23502,8531,7667,864
Z23503,15439,13566,1873
Z23504,8559,7505,1054
Z23505,13284,12170,1114
Z23507,3607,3497,110
Z23508,6764,6039,725
Z23509,5540,5014,526
Z23510,3612,3214,398
Z23511,122,122,0
Z23513,12498,11585,913
Z23517,2651,2348,303
Z23518,12742,11756,986
Z23523,2772,2562,210
Z23551,0,0,0
Z23601,11690,10595,1095
Z23602,17023,15415,1608
Z23603,1563,1363,200
Z23604,821,714,107
Z23605,6545,5611,934
Z23606,12502,11267,1235
Z23607,10590,8640,1950
Z23608,18000,16779,1221
Z23651,337,180,157
Z23661,6376,5495,881
Z23662,4726,4617,109
Z23663,5954,5023,931
Z23664,4689,3948,741
Z23665,1419,1283,136
Z23666,23238,20809,2429
Z23669,17803,15969,1834
Z23690,1512,1331,181
Z23691,36,36,0
Z23692,7962,7332,630
Z23693,8915,8503,412
Z23696,1522,1396,126
Z23701,10109,9176,933
Z23702,5094,4471,623
Z23703,10472,9814,658
Z23704,8831,7426,1405
Z23707,6481,5870,611
Z23708,0,0,0
Z23709,0,0,0
Z23801,1325,1160,165
Z23803,18471,14567,3904
Z23805,8653,7536,1117
Z23806,0,0,0
Z23821,821,696,125
Z23824,3250,2752,498
Z23827,656,503,153
Z23828,157,126,31
Z23829,546,459,87
Z23830,421,401,20
Z23831,13829,13157,672
Z23832,11697,11119,578
Z23833,1106,937,169
Z23834,10739,9803,936
Z23836,5247,4656,591
Z23837,2002,1864,138
Z23838,5797,5500,297
Z23839,338,271,67
Z23840,909,828,81
Z23841,1495,1353,142
Z23842,2659,2431,228
Z23843,376,298,78
Z23844,369,293,76
Z23845,295,178,117
Z23846,447,349,98
Z23847,6090,5277,813
Z23850,339,339,0
Z23851,6008,5349,659
Z23856,333,274,59
Z23857,547,268,279
Z23860,12194,10613,1581
Z23866,904,812,92
Z23867,1025,771,254
Z23868,2674,1998,676
Z23872,1127,883,244
Z23874,482,442,40
Z23875,4352,3814,538
Z23876,218,187,31
Z23878,428,400,28
Z23879,294,268,26
Z23881,1147,782,365
Z23882,1053,842,211
Z23883,1210,1014,196
Z23884,28,28,0
Z23885,1194,1035,159
Z23887,508,244,264
Z23888,1074,927,147
Z23889,353,213,140
Z23890,1561,1270,291
Z23891,2,2,0
Z23893,168,140,28
Z23894,241,177,64
Z23897,376,260,116
Z23898,886,762,124
Z23899,207,124,83
Z23901,6843,5723,1120
Z23909,0,0,0
Z23915,306,249,57
Z23917,1814,1258,556
Z23919,3087,1101,1986
Z23920,1798,1496,302
Z23921,1123,884,239
Z23922,1167,992,175
Z23923,1314,974,340
Z23924,2963,2309,654
Z23927,3527,1847,1680
Z23930,2662,2144,518
Z23934,396,221,175
Z23936,2893,2279,614
Z23937,923,763,160
Z23938,169,108,61
Z23942,653,484,169
Z23943,56,37,19
Z23944,2124,1571,553
Z23947,1983,1497,486
Z23950,1584,1240,344
Z23952,79,71,8
Z23954,803,636,167
Z23958,1574,1240,334
Z23959,632,476,156
Z23960,791,666,125
Z23962,337,261,76
Z23963,119,72,47
Z23964,498,408,90
Z23966,1295,1051,244
Z23967,653,460,193
Z23968,388,313,75
Z23970,3973,3272,701
Z23974,2171,1674,497
Z23976,155,61,94
Z24011,254,198,56
Z24012,13582,12631,951
Z24013,3654,2972,682
Z24014,8616,7984,632
Z24015,8073,7241,832
Z24016,4719,3907,812
Z24017,10250,9234,1016
Z24018,16895,16141,754
Z24019,11498,10849,649
Z24020,22,9,13
Z24053,1679,1308,371
Z24054,3150,2627,523
Z24055,6460,5391,1069
Z24058,121,121,0
Z24059,431,332,99
Z24060,19972,17919,2053
Z24064,1785,1657,128
Z24065,2843,2728,115
Z24066,2421,1981,440
Z24067,1306,984,322
Z24069,1012,779,233
Z24070,743,568,175
Z24072,598,532,66
Z24073,13981,12871,1110
Z24076,461,461,0
Z24077,469,447,22
Z24078,3607,3236,371
Z24079,1093,934,159
Z24082,114,82,32
Z24083,1144,1029,115
Z24084,5157,4593,564
Z24085,1246,816,430
Z24086,86,86,0
Z24087,1851,1687,164
Z24088,2308,1565,743
Z24089,1402,1139,263
Z24090,2141,1783,358
Z24091,3580,2758,822
Z24092,1434,1223,211
Z24093,91,78,13
Z24095,2261,1871,390
Z24101,2941,2623,318
Z24102,917,745,172
Z24104,2717,1547,1170
Z24105,289,190,99
Z24112,16258,13580,2678
Z24120,1289,742,547
Z24121,7334,4388,2946
Z24122,944,761,183
Z24124,2039,1857,182
Z24127,2292,1796,496
Z24128,1044,782,262
Z24130,11,11,0
Z24131,72,26,46
Z24132,256,256,0
Z24133,1389,1209,180
Z24134,2583,2228,355
Z24136,1757,1496,261
Z24137,2148,1211,937
Z24138,787,629,158
Z24139,354,264,90
Z24141,10139,8560,1579
Z24142,0,0,0
Z24147,605,543,62
Z24148,3801,3401,400
Z24149,1571,1389,182
Z24150,442,315,127
Z24151,9154,8230,924
Z24153,15950,14726,1224
Z24161,315,214,101
Z24162,1036,835,201
Z24165,824,665,159
Z24167,188,188,0
Z24168,73,73,0
Z24171,4406,3531,875
Z24174,1266,1113,153
Z24175,3825,3545,280
Z24176,1301,698,603
Z24179,8061,7420,641
Z24184,2271,1910,361
Z24185,420,327,93
Z24201,8533,7410,1123
Z24202,5440,4933,507
Z24210,8156,7386,770
Z24211,4935,4352,583
Z24216,1411,1092,319
Z24217,181,161,20
Z24219,4746,4022,724
Z24220,264,191,73
Z24221,516,283,233
Z24224,3117,2474,643
Z24225,929,728,201
Z24226,751,608,143
Z24228,3415,2867,548
Z24230,4347,3522,825
Z24236,1675,1378,297
Z24237,710,444,266
Z24239,107,107,0
Z24243,939,862,77
Z24244,3152,2446,706
Z24245,610,426,184
Z24246,242,242,0
Z24248,1369,1081,288
Z24250,683,556,127
Z24251,4282,3490,792
Z24256,1652,1376,276
Z24258,940,810,130
Z24260,2676,2308,368
Z24263,3106,2506,600
Z24265,352,293,59
Z24266,4227,3593,634
Z24269,149,126,23
Z24270,395,302,93
Z24271,1444,1055,389
Z24272,270,219,51
Z24273,3009,2861,148
Z24277,2742,2231,511
Z24279,2072,1809,263
Z24280,309,298,11
Z24281,1289,1029,260
Z24282,368,265,103
Z24283,947,829,118
Z24290,976,857,119
Z24292,335,231,104
Z24293,4564,3877,687
Z24301,7162,5925,1237
Z24311,901,780,121
Z24312,1117,927,190
Z24313,347,330,17
Z24314,798,649,149
Z24315,1558,1283,275
Z24316,17,8,9
Z24317,1995,1589,406
Z24318,489,404,85
Z24319,3253,2705,548
Z24322,84,72,12
Z24323,331,285,46
Z24324,989,827,162
Z24325,568,366,202
Z24326,836,510,326
Z24328,1563,812,751
Z24330,1818,1396,422
Z24333,9120,7398,1722
Z24340,2508,2169,339
Z24343,5153,3871,1282
Z24347,928,662,266
Z24348,2386,1819,567
Z24350,869,491,378
Z24351,361,281,80
Z24352,514,384,130
Z24354,7334,6199,1135
Z24360,2624,2242,382
Z24361,2174,1936,238
Z24363,919,574,345
Z24366,346,250,96
Z24368,2275,2009,266
Z24370,3106,2562,544
Z24374,396,278,118
Z24375,977,590,387
Z24377,183,102,81
Z24378,766,570,196
Z24380,1269,998,271
Z24381,2122,1766,356
Z24382,7270,6194,1076
Z24401,16903,15010,1893
Z24411,57,57,0
Z24412,118,40,78
Z24413,97,59,38
Z24415,52,34,18
Z24416,3720,3474,246
Z24421,1807,1649,158
Z24422,3228,2665,563
Z24426,7184,6020,1164
Z24430,836,680,156
Z24431,1028,914,114
Z24432,204,146,58
Z24433,72,36,36
Z24435,895,821,74
Z24437,499,456,43
Z24439,813,511,302
Z24440,1289,1112,177
Z24441,2838,2586,252
Z24442,200,58,142
Z24445,1749,1160,589
Z24448,172,148,24
Z24450,6635,5680,955
Z24457,82,54,28
Z24458,340,212,128
Z24459,357,265,92
Z24460,985,655,330
Z24464,182,118,64
Z24465,1066,674,392
Z24467,729,729,0
Z24471,599,519,80
Z24472,1133,853,280
Z24473,527,328,199
Z24474,199,172,27
Z24476,125,125,0
Z24477,4590,4125,465
Z24479,628,484,144
Z24482,1922,1750,172
Z24483,427,259,168
Z24484,663,481,182
Z24485,245,62,183
Z24486,1517,1490,27
Z24487,305,107,198
Z24501,11931,10304,1627
Z24502,17678,16372,1306
Z24503,8444,7749,695
Z24504,4657,3856,801
Z24517,2749,2209,540
Z24520,1100,906,194
Z24521,4788,4162,626
Z24522,4390,3860,530
Z24523,8809,7955,854
Z24526,682,475,207
Z24527,1456,1207,249
Z24528,1676,1316,360
Z24529,904,666,238
Z24530,730,559,171
Z24531,4501,3526,975
Z24534,967,675,292
Z24536,71,71,0
Z24538,2196,1805,391
Z24539,110,78,32
Z24540,15772,13465,2307
Z24541,14740,12330,2410
Z24549,1921,1758,163
Z24550,3292,2973,319
Z24551,8811,8514,297
Z24553,919,762,157
Z24554,1942,1658,284
Z24555,1093,1011,82
Z24556,1448,1271,177
Z24557,4172,3412,760
Z24558,3319,2769,550
Z24562,241,133,108
Z24563,2714,2474,240
Z24565,636,430,206
Z24566,515,461,54
Z24569,533,412,121
Z24570,11,11,0
Z24571,980,822,158
Z24572,6913,6316,597
Z24574,1938,1666,272
Z24577,2800,2028,772
Z24578,487,418,69
Z24579,770,701,69
Z24580,296,219,77
Z24581,0,0,0
Z24586,2629,2217,412
Z24588,3965,3261,704
Z24589,1043,857,186
Z24590,3659,3268,391
Z24592,6860,5642,1218
Z24593,1007,660,347
Z24594,850,603,247
Z24595,78,37,41
Z24597,531,486,45
Z24598,919,701,218
Z24599,490,295,195
Z24601,55,33,22
Z24602,551,445,106
Z24603,447,404,43
Z24604,237,182,55
Z24605,4248,3807,441
Z24606,82,82,0
Z24607,189,158,31
Z24609,3578,3101,477
Z24612,123,98,25
Z24613,380,256,124
Z24614,3888,3144,744
Z24620,1524,1304,220
Z24622,420,352,68
Z24628,146,134,12
Z24630,3124,2812,312
Z24631,1035,724,311
Z24634,287,207,80
Z24635,320,215,105
Z24637,1613,1436,177
Z24639,1710,1383,327
Z24641,3007,2541,466
Z24646,311,247,64
Z24649,1367,1204,163
Z24651,2858,2406,452
Z24656,1643,1362,281
Z24657,222,199,23
Z24701,10480,8601,1879
Z24712,758,610,148
Z24714,70,70,0
Z24715,312,176,136
Z24716,264,224,40
Z24719,99,61,38
Z24724,58,20,38
Z24726,136,93,43
Z24729,109,96,13
Z24731,133,97,36
Z24733,414,335,79
Z24736,327,209,118
Z24737,27,27,0
Z24738,133,99,34
Z24740,14445,12996,1449
Z24747,1239,1092,147
Z24801,1840,1533,307
Z24808,459,285,174
Z24811,303,228,75
Z24813,216,187,29
Z24815,329,287,42
Z24816,114,114,0
Z24817,398,310,88
Z24818,541,407,134
Z24822,284,224,60
Z24823,198,188,10
Z24826,57,34,23
Z24827,691,638,53
Z24828,449,337,112
Z24830,103,42,61
Z24831,143,84,59
Z24834,114,102,12
Z24836,331,188,143
Z24839,713,665,48
Z24843,39,39,0
Z24844,1025,854,171
Z24845,203,145,58
Z24846,95,71,24
Z24847,120,120,0
Z24848,142,95,47
Z24849,204,143,61
Z24850,571,399,172
Z24851,165,165,0
Z24853,447,248,199
Z24854,144,105,39
Z24857,480,376,104
Z24860,244,193,51
Z24861,144,102,42
Z24862,290,189,101
Z24866,116,109,7
Z24867,149,129,20
Z24868,922,505,417
Z24869,149,149,0
Z24870,1329,1121,208
Z24871,161,123,38
Z24872,382,292,90
Z24873,262,166,96
Z24874,1450,1224,226
Z24878,253,199,54
Z24879,319,235,84
Z24880,96,96,0
Z24881,170,134,36
Z24882,179,146,33
Z24884,210,125,85
Z24887,24,7,17
Z24888,85,50,35
Z24892,856,610,246
Z24894,154,141,13
Z24898,107,73,34
Z24901,4671,4191,480
Z24910,2522,1907,615
Z24915,496,293,203
Z24916,292,280,12
Z24918,814,559,255
Z24920,364,168,196
Z24924,346,146,200
Z24925,427,311,116
Z24927,358,108,250
Z24931,566,496,70
Z24934,427,195,232
Z24935,471,268,203
Z24938,770,700,70
Z24941,926,544,382
Z24944,406,176,230
Z24945,195,152,43
Z24946,1023,619,404
Z24951,701,577,124
Z24954,2711,1623,1088
Z24957,188,163,25
Z24962,104,32,72
Z24963,2057,1790,267
Z24966,882,624,258
Z24970,2280,1995,285
Z24974,100,100,0
Z24976,491,455,36
Z24977,235,218,17
Z24981,570,376,194
Z24983,1447,1106,341
Z24984,349,119,230
Z24986,3595,2336,1259
Z24991,329,270,59
Z25002,34,13,21
Z25003,1330,1178,152
Z25005,63,63,0
Z25007,273,240,33
Z25008,65,47,18
Z25009,563,444,119
Z25011,418,399,19
Z25015,1986,1880,106
Z25019,252,190,62
Z25021,208,143,65
Z25022,83,83,0
Z25024,326,263,63
Z25025,76,56,20
Z25028,163,155,8
Z25030,141,106,35
Z25031,409,363,46
Z25033,922,741,181
Z25035,596,529,67
Z25036,297,273,24
Z25039,459,390,69
Z25040,180,180,0
Z25043,902,698,204
Z25044,136,97,39
Z25045,2626,2223,403
Z25047,175,146,29
Z25048,22,22,0
Z25049,178,178,0
Z25051,88,88,0
Z25053,1871,1654,217
Z25054,102,102,0
Z25057,164,146,18
Z25059,235,185,50
Z25060,230,176,54
Z25061,279,269,10
Z25062,78,67,11
Z25063,982,687,295
Z25064,5061,4441,620
Z25067,455,370,85
Z25070,864,766,98
Z25071,5388,4914,474
Z25075,230,193,37
Z25076,148,148,0
Z25081,484,463,21
Z25082,685,544,141
Z25083,332,258,74
Z25085,461,350,111
Z25086,313,264,49
Z25088,101,72,29
Z25090,124,68,56
Z25093,61,50,11
Z25102,119,99,20
Z25103,108,61,47
Z25106,277,191,86
Z25107,305,223,82
Z25108,276,252,24
Z25109,216,174,42
Z25110,212,196,16
Z25111,345,270,75
Z25112,0,0,0
Z25113,486,336,150
Z25114,276,259,17
Z25115,92,92,0
Z25118,442,364,78
Z25119,162,144,18
Z25121,337,256,81
Z25123,1654,1449,205
Z25124,580,526,54
Z25125,351,272,79
Z25126,56,35,21
Z25130,1721,1456,265
Z25132,80,80,0
Z25133,462,379,83
Z25134,206,185,21
Z25136,960,724,236
Z25139,156,156,0
Z25140,575,468,107
Z25141,91,70,21
Z25142,195,180,15
Z25143,4053,3558,495
Z25148,120,106,14
Z25149,109,102,7
Z25152,174,146,28
Z25154,397,350,47
Z25156,81,62,19
Z25159,2310,2171,139
Z25160,44,44,0
Z25161,166,120,46
Z25162,234,202,32
Z25164,668,475,193
Z25165,275,243,32
Z25168,998,898,100
Z25169,238,226,12
Z25173,170,120,50
Z25174,175,155,20
Z25177,11356,10449,907
Z25180,46,23,23
Z25181,777,634,143
Z25183,0,0,0
Z25185,0,0,0
Z25186,510,413,97
Z25187,482,352,130
Z25193,173,157,16
Z25201,38,12,26
Z25202,470,433,37
Z25203,55,55,0
Z25204,100,82,18
Z25205,247,203,44
Z25206,269,142,127
Z25208,448,392,56
Z25209,663,565,98
Z25211,54,45,9
Z25213,2344,2288,56
Z25214,219,177,42
Z25234,707,551,156
Z25235,375,305,70
Z25239,850,718,132
Z25241,681,563,118
Z25243,390,286,104
Z25244,418,229,189
Z25245,333,294,39
Z25247,311,229,82
Z25248,1414,1115,299
Z25251,256,186,70
Z25252,753,477,276
Z25253,885,805,80
Z25259,280,207,73
Z25260,849,703,146
Z25261,204,138,66
Z25262,455,429,26
Z25264,173,122,51
Z25265,708,627,81
Z25266,519,378,141
Z25267,434,301,133
Z25268,393,311,82
Z25270,422,355,67
Z25271,4222,3762,460
Z25275,853,671,182
Z25276,3862,3155,707
Z25285,258,214,44
Z25286,876,625,251
Z25287,352,316,36
Z25301,1716,1494,222
Z25302,8084,6837,1247
Z25303,3513,3262,251
Z25304,4266,3824,442
Z25305,0,0,0
Z25306,3210,2724,486
Z25309,6160,5683,477
Z25311,5747,4903,844
Z25312,7227,6288,939
Z25313,5843,5227,616
Z25314,7041,6630,411
Z25315,1676,1415,261
Z25320,2832,2591,241
Z25401,6726,5742,984
Z25403,5136,4908,228
Z25404,9153,8280,873
Z25405,4893,4699,194
Z25411,6741,5379,1362
Z25413,3352,3076,276
Z25414,7136,6698,438
Z25419,4252,3792,460
Z25420,1681,1530,151
Z25422,1710,803,907
Z25425,5702,4997,705
Z25427,6539,4929,1610
Z25428,4398,4144,254
Z25430,3145,2961,184
Z25431,219,158,61
Z25432,58,46,12
Z25434,1741,1132,609
Z25437,176,158,18
Z25438,2875,2605,270
Z25442,676,600,76
Z25443,2972,2585,387
Z25444,267,160,107
Z25446,486,486,0
Z25501,454,425,29
Z25502,666,572,94
Z25503,353,277,76
Z25504,5551,5073,478
Z25505,144,144,0
Z25506,2106,1791,315
Z25507,462,366,96
Z25508,4505,3882,623
Z25510,2272,1924,348
Z25511,434,348,86
Z25512,632,430,202
Z25514,1761,1440,321
Z25515,1179,938,241
Z25517,1002,933,69
Z25520,643,524,119
Z25521,461,322,139
Z25523,1320,1108,212
Z25524,1641,1144,497
Z25526,9227,8514,713
Z25529,391,370,21
Z25530,2581,2278,303
Z25534,209,140,69
Z25535,1222,1124,98
Z25537,867,777,90
Z25540,141,101,40
Z25541,3862,3516,346
Z25545,2054,1918,136
Z25547,628,468,160
Z25550,4385,3800,585
Z25555,968,750,218
Z25557,759,579,180
Z25559,851,674,177
Z25560,3430,3140,290
Z25564,622,580,42
Z25565,341,280,61
Z25567,428,390,38
Z25570,2961,2623,338
Z25571,1012,783,229
Z25573,497,456,41
Z25601,2484,1983,501
Z25606,410,366,44
Z25607,442,381,61
Z25608,602,525,77
Z25611,433,365,68
Z25617,377,290,87
Z25621,963,863,100
Z25624,149,109,40
Z25625,562,464,98
Z25628,269,269,0
Z25630,339,309,30
Z25632,288,258,30
Z25634,254,254,0
Z25635,592,557,35
Z25637,434,339,95
Z25638,536,459,77
Z25639,302,244,58
Z25644,211,162,49
Z25646,503,442,61
Z25647,535,412,123
Z25649,689,583,106
Z25650,227,204,23
Z25651,317,317,0
Z25652,546,458,88
Z25653,258,195,63
Z25654,116,103,13
Z25661,3279,2694,585
Z25666,272,253,19
Z25669,419,324,95
Z25670,2730,2325,405
Z25671,611,526,85
Z25672,168,168,0
Z25674,1315,1150,165
Z25676,571,462,109
Z25678,840,693,147
Z25688,213,202,11
Z25690,122,109,13
Z25692,606,502,104
Z25696,34,34,0
Z25699,85,61,24
Z25701,12461,10510,1951
Z25702,3811,3185,626
Z25703,2702,2141,561
Z25704,8147,7047,1100
Z25705,10469,9186,1283
Z25801,16063,14387,1676
Z25810,138,118,20
Z25811,66,66,0
Z25812,974,739,235
Z25813,2964,2431,533
Z25817,265,265,0
Z25818,196,143,53
Z25820,274,224,50
Z25823,1049,904,145
Z25825,1190,1040,150
Z25826,88,88,0
Z25827,1125,1020,105
Z25831,802,507,295
Z25832,1690,1622,68
Z25836,313,281,32
Z25837,129,115,14
Z25839,230,212,18
Z25840,3803,3240,563
Z25841,314,255,59
Z25843,592,361,231
Z25844,672,537,135
Z25845,329,329,0
Z25846,130,130,0
Z25848,237,195,42
Z25849,192,192,0
Z25853,91,50,41
Z25854,580,416,164
Z25855,28,28,0
Z25857,98,78,20
Z25862,150,76,74
Z25864,184,150,34
Z25865,627,472,155
Z25868,239,136,103
Z25870,31,31,0
Z25871,296,242,54
Z25873,337,337,0
Z25875,223,202,21
Z25876,53,41,12
Z25878,471,432,39
Z25879,312,271,41
Z25880,3019,2572,447
Z25882,1206,990,216
Z25901,5422,4773,649
Z25902,115,57,58
Z25904,151,113,38
Z25906,151,127,24
Z25907,49,38,11
Z25908,56,35,21
Z25911,37,14,23
Z25913,143,113,30
Z25915,232,138,94
Z25916,54,49,5
Z25917,1087,827,260
Z25918,2088,1810,278
Z25920,138,104,34
Z25921,1003,879,124
Z25922,127,115,12
Z25928,183,183,0
Z25932,47,30,17
Z25936,39,15,24
Z25938,511,458,53
Z25942,92,92,0
Z25951,3527,2733,794
Z25958,468,317,151
Z25962,1925,1546,379
Z25969,539,404,135
Z25971,694,437,257
Z25972,202,132,70
Z25976,1440,1032,408
Z25977,100,47,53
Z25978,351,295,56
Z25979,444,301,143
Z25981,446,276,170
Z25984,900,701,199
Z25985,235,183,52
Z25989,216,204,12
Z26003,20709,18153,2556
Z26030,289,245,44
Z26031,916,772,144
Z26032,211,185,26
Z26033,1747,1299,448
Z26034,2400,2021,379
Z26035,1124,1023,101
Z26036,252,204,48
Z26037,3016,2778,238
Z26038,1399,1251,148
Z26039,513,338,175
Z26040,973,837,136
Z26041,7431,6628,803
Z26047,2851,2546,305
Z26050,765,639,126
Z26055,1011,798,213
Z26056,65,65,0
Z26059,1246,1026,220
Z26060,850,792,58
Z26062,10286,9463,823
Z26070,4035,3649,386
Z26074,241,228,13
Z26075,234,214,20
Z26101,14543,12523,2020
Z26104,8086,7346,740
Z26105,5534,5242,292
Z26133,623,586,37
Z26134,427,400,27
Z26136,383,305,78
Z26137,551,306,245
Z26138,69,53,16
Z26141,169,119,50
Z26142,1038,989,49
Z26143,2449,1869,580
Z26146,640,420,220
Z26147,1203,993,210
Z26148,151,100,51
Z26149,1416,1035,381
Z26150,2610,2416,194
Z26151,305,262,43
Z26152,96,50,46
Z26155,4381,3431,950
Z26159,1260,1152,108
Z26160,521,439,82
Z26161,261,90,171
Z26164,3771,3166,605
Z26167,473,437,36
Z26169,354,277,77
Z26170,2640,2246,394
Z26175,1656,1358,298
Z26178,312,208,104
Z26180,1121,1009,112
Z26181,2677,2469,208
Z26184,928,802,126
Z26187,2705,2482,223
Z26201,8701,7511,1190
Z26202,351,229,122
Z26203,170,56,114
Z26205,1507,1294,213
Z26206,1698,1293,405
Z26208,477,369,108
Z26209,2106,118,1988
Z26215,98,63,35
Z26217,292,151,141
Z26218,1242,1023,219
Z26222,253,167,86
Z26224,168,57,111
Z26228,50,19,31
Z26230,135,86,49
Z26234,948,461,487
Z26236,26,0,26
Z26237,261,188,73
Z26238,465,334,131
Z26241,6942,6173,769
Z26250,2113,1740,373
Z26253,1605,1385,220
Z26254,233,161,72
Z26257,334,330,4
Z26259,107,107,0
Z26260,2104,581,1523
Z26261,1687,1145,542
Z26263,356,122,234
Z26264,442,266,176
Z26266,31,31,0
Z26267,208,145,63
Z26268,199,39,160
Z26269,531,419,112
Z26270,527,324,203
Z26271,292,151,141
Z26273,386,301,85
Z26275,328,250,78
Z26276,173,91,82
Z26278,254,254,0
Z26280,897,752,145
Z26282,84,0,84
Z26283,955,646,309
Z26285,210,200,10
Z26287,1690,1304,386
Z26288,2354,1699,655
Z26291,81,25,56
Z26292,480,339,141
Z26293,272,242,30
Z26294,563,357,206
Z26296,62,62,0
Z26298,39,39,0
Z26301,14012,12294,1718
Z26320,592,336,256
Z26321,263,232,31
Z26323,218,162,56
Z26325,178,111,67
Z26327,56,32,24
Z26330,6283,5797,486
Z26335,758,510,248
Z26337,814,470,344
Z26338,317,277,40
Z26339,115,44,71
Z26342,227,135,92
Z26343,173,125,48
Z26346,447,336,111
Z26347,992,806,186
Z26348,42,32,10
Z26349,36,36,0
Z26351,1505,1271,234
Z26354,4926,4385,541
Z26361,113,102,11
Z26362,1872,1312,560
Z26366,31,18,13
Z26369,400,333,67
Z26372,467,368,99
Z26374,618,501,117
Z26376,334,223,111
Z26377,402,213,189
Z26378,1707,1494,213
Z26384,374,364,10
Z26385,1706,1451,255
Z26386,1050,898,152
Z26404,142,129,13
Z26405,588,386,202
Z26408,1295,1102,193
Z26410,546,396,150
Z26411,588,322,266
Z26412,308,274,34
Z26415,1900,1423,477
Z26416,3677,2927,750
Z26419,576,428,148
Z26421,125,98,27
Z26422,253,213,40
Z26424,179,134,45
Z26425,667,515,152
Z26426,3174,2657,517
Z26430,187,122,65
Z26431,2792,2391,401
Z26435,74,74,0
Z26436,66,43,23
Z26437,346,222,124
Z26438,189,163,26
Z26440,502,427,75
Z26443,118,96,22
Z26444,1614,1446,168
Z26447,595,540,55
Z26448,572,437,135
Z26451,342,299,43
Z26452,4528,3614,914
Z26456,1914,1271,643
Z26501,8977,7749,1228
Z26505,17683,14082,3601
Z26508,13184,11615,1569
Z26519,868,726,142
Z26520,378,338,40
Z26521,115,86,29
Z26525,2552,2188,364
Z26534,1030,795,235
Z26537,2587,2259,328
Z26541,1229,1020,209
Z26542,1077,907,170
Z26543,66,46,20
Z26547,1073,985,88
Z26554,19616,16822,2794
Z26559,596,516,80
Z26560,90,72,18
Z26562,277,206,71
Z26563,181,124,57
Z26568,289,254,35
Z26570,1435,1282,153
Z26571,877,794,83
Z26572,143,143,0
Z26574,279,248,31
Z26575,433,316,117
Z26576,209,94,115
Z26581,507,351,156
Z26582,2344,1933,411
Z26585,257,224,33
Z26586,96,85,11
Z26587,229,180,49
Z26588,1233,1056,177
Z26590,379,291,88
Z26591,574,535,39
Z26601,2388,1831,557
Z26610,408,363,45
Z26611,81,61,20
Z26615,140,113,27
Z26617,137,125,12
Z26619,247,180,67
Z26621,397,346,51
Z26623,604,514,90
Z26624,1500,1202,298
Z26627,213,113,100
Z26629,130,112,18
Z26631,181,130,51
Z26636,257,179,78
Z26638,95,68,27
Z26651,4971,4269,702
Z26656,190,165,25
Z26660,121,121,0
Z26662,468,468,0
Z26676,290,250,40
Z26678,560,476,84
Z26679,1140,880,260
Z26680,136,112,24
Z26681,663,591,72
Z26684,50,37,13
Z26690,303,239,64
Z26691,184,163,21
Z26704,2740,2331,409
Z26705,441,394,47
Z26707,229,159,70
Z26710,1100,953,147
Z26711,1376,1043,333
Z26714,439,259,180
Z26716,437,326,111
Z26717,594,520,74
Z26719,1410,1185,225
Z26720,106,35,71
Z26722,545,435,110
Z26726,6014,5119,895
Z26731,168,76,92
Z26739,640,253,387
Z26743,837,581,256
Z26750,424,342,82
Z26753,2861,2606,255
Z26755,629,362,267
Z26757,3409,2490,919
Z26761,294,257,37
Z26763,1098,794,304
Z26764,2227,1548,679
Z26767,295,234,61
Z26801,723,449,274
Z26802,855,525,330
Z26804,421,268,153
Z26807,1815,1136,679
Z26808,498,365,133
Z26810,402,125,277
Z26812,1187,655,532
Z26814,263,179,84
Z26815,486,287,199
Z26817,211,162,49
Z26818,328,274,54
Z26823,264,240,24
Z26833,1002,704,298
Z26836,3478,2473,1005
Z26845,338,199,139
Z26847,3357,2426,931
Z26851,1340,785,555
Z26852,416,320,96
Z26855,490,241,249
Z26865,220,116,104
Z26866,757,394,363
Z26884,504,292,212
Z27006,6340,5548,792
Z27007,855,827,28
Z27009,1156,1003,153
Z27011,2524,2254,270
Z27012,11051,10041,1010
Z27013,2773,2440,333
Z27014,384,304,80
Z27016,889,664,225
Z27017,4104,3546,558
Z27018,3450,3075,375
Z27019,2055,1714,341
Z27020,2840,2588,252
Z27021,7701,7075,626
Z27022,762,625,137
Z27023,5319,4903,416
Z27024,1388,1091,297
Z27025,4907,4316,591
Z27027,2209,1836,373
Z27028,11225,9813,1412
Z27030,17741,15540,2201
Z27040,4689,4420,269
Z27041,3625,3231,394
Z27042,319,252,67
Z27043,3044,2690,354
Z27045,3856,3542,314
Z27046,1114,914,200
Z27047,499,397,102
Z27048,3873,3465,408
Z27050,1704,1538,166
Z27051,3456,3062,394
Z27052,4888,4332,556
Z27053,1448,1169,279
Z27054,999,778,221
Z27055,6304,5532,772
Z27101,9868,8542,1326
Z27103,17386,16080,1306
Z27104,14186,12816,1370
Z27105,17383,14511,2872
Z27106,21415,19215,2200
Z27107,19153,16803,2350
Z27109,0,0,0
Z27110,0,0,0
Z27127,16102,14658,1444
Z27201,32,32,0
Z27203,9764,8511,1253
Z27205,14222,12666,1556
Z27207,1449,1387,62
Z27208,777,728,49
Z27209,1436,1258,178
Z27212,570,519,51
Z27214,4724,4157,567
Z27215,19119,17519,1600
Z27217,15539,13686,1853
Z27229,1533,1270,263
Z27231,877,720,157
Z27233,1411,1265,146
Z27235,1703,1693,10
Z27239,4018,3303,715
Z27242,836,681,155
Z27243,1914,1742,172
Z27244,4826,4369,457
Z27248,1866,1719,147
Z27249,5482,5120,362
Z27252,1122,977,145
Z27253,13056,11978,1078
Z27258,2794,2572,222
Z27260,10625,8786,1839
Z27262,9933,8546,1387
Z27263,9280,8615,665
Z27265,21287,19560,1727
Z27278,10191,9418,773
Z27281,1437,1197,240
Z27282,6829,6451,378
Z27283,1390,1239,151
Z27284,22653,20951,1702
Z27288,11715,9727,1988
Z27291,1067,618,449
Z27292,17790,15156,2634
Z27295,16448,14927,1521
Z27298,4586,4036,550
Z27299,2253,2036,217
Z27301,3517,3288,229
Z27302,12668,11437,1231
Z27305,874,723,151
Z27306,4703,2640,2063
Z27310,2523,2386,137
Z27311,1754,1450,304
Z27312,8804,8229,575
Z27313,2788,2572,216
Z27314,568,511,57
Z27315,1020,892,128
Z27316,3057,2504,553
Z27317,7177,6316,861
Z27320,18179,15840,2339
Z27325,3041,2403,638
Z27326,1600,1348,252
Z27330,15891,14011,1880
Z27332,12692,10859,1833
Z27340,92,68,24
Z27341,2559,2247,312
Z27343,1190,585,605
Z27344,7604,6584,1020
Z27349,2674,2434,240
Z27350,2753,2612,141
Z27355,1050,948,102
Z27356,1935,1532,403
Z27357,3313,2863,450
Z27358,5593,5279,314
Z27360,20853,18360,2493
Z27370,5933,5298,635
Z27371,3922,3320,602
Z27376,4725,3663,1062
Z27377,3688,3207,481
Z27379,2278,1977,301
Z27401,8927,7487,1440
Z27403,9146,7906,1240
Z27405,20997,18106,2891
Z27406,25607,22956,2651
Z27407,22307,19745,2562
Z27408,8896,8206,690
Z27409,8793,7968,825
Z27410,25176,23816,1360
Z27455,13074,11931,1143
Z27501,7304,6562,742
Z27502,12250,11695,555
Z27503,1288,1194,94
Z27504,6302,5263,1039
Z27505,2505,2199,306
Z27507,894,573,321
Z27508,626,568,58
Z27509,1536,1472,64
Z27510,7434,6932,502
Z27511,14007,13155,852
Z27513,17624,16682,942
Z27514,11560,10613,947
Z27516,15330,14064,1266
Z27517,11544,10642,902
Z27518,8593,8257,336
Z27519,16801,16156,645
Z27520,15170,14129,1041
Z27521,2561,2284,277
Z27522,4930,4369,561
Z27523,4277,4102,175
Z27524,5048,4320,728
Z27525,6007,5293,714
Z27526,16154,15145,1009
Z27527,6794,6311,483
Z27529,17909,16647,1262
Z27530,17620,15530,2090
Z27531,0,0,0
Z27534,14211,13170,1041
Z27536,7430,6139,1291
Z27537,10966,9091,1875
Z27539,7961,7486,475
Z27540,11625,11026,599
Z27541,1734,1581,153
Z27542,3960,3313,647
Z27544,2004,1820,184
Z27545,9411,8908,503
Z27546,7387,6457,930
Z27549,11400,9461,1939
Z27551,1533,841,692
Z27553,1050,602,448
Z27555,269,233,36
Z27556,145,106,39
Z27557,2764,2464,300
Z27559,1024,875,149
Z27560,11323,10269,1054
Z27562,816,667,149
Z27563,2412,2102,310
Z27565,10836,9543,1293
Z27568,301,260,41
Z27569,3150,2842,308
Z27571,1939,1709,230
Z27572,3298,3008,290
Z27573,5046,4333,713
Z27574,6509,5667,842
Z27576,6988,5977,1011
Z27577,9645,8394,1251
Z27581,1587,1344,243
Z27582,93,67,26
Z27583,2814,2507,307
Z27587,22085,20773,1312
Z27589,3863,3002,861
Z27591,7783,7086,697
Z27592,5826,5356,470
Z27596,6403,5933,470
Z27597,9342,8363,979
Z27601,4094,3441,653
Z27603,20607,19075,1532
Z27604,18410,17248,1162
Z27605,3121,2739,382
Z27606,19161,17724,1437
Z27607,8937,8375,562
Z27608,5290,4815,475
Z27609,16658,14576,2082
Z27610,25731,24248,1483
Z27612,18858,16851,2007
Z27613,19613,18030,1583
Z27614,13171,12242,929
Z27615,19345,17778,1567
Z27616,18236,17421,815
Z27617,8874,7922,952
Z27701,10494,9146,1348
Z27703,19088,17268,1820
Z27704,15402,14042,1360
Z27705,21107,19670,1437
Z27707,22001,20168,1833
Z27709,363,345,18
Z27712,8417,8166,251
Z27713,22485,21415,1070
Z27801,9995,8091,1904
Z27803,9097,7902,1195
Z27804,13408,11788,1620
Z27805,1812,1384,428
Z27806,1536,923,613
Z27807,2749,2497,252
Z27808,1620,937,683
Z27809,1991,1737,254
Z27810,2920,1657,1263
Z27812,1434,1236,198
Z27813,290,268,22
Z27814,1493,760,733
Z27816,1014,814,200
Z27817,3385,2537,848
Z27818,783,602,181
Z27819,163,142,21
Z27820,1543,1226,317
Z27821,152,117,35
Z27822,3696,3344,352
Z27823,3640,3012,628
Z27824,965,706,259
Z27825,46,32,14
Z27826,450,355,95
Z27827,17,17,0
Z27828,3881,3230,651
Z27829,858,774,84
Z27830,2284,1919,365
Z27831,1830,1309,521
Z27832,1342,1166,176
Z27834,25287,22098,3189
Z27837,2726,2299,427
Z27839,1677,1271,406
Z27840,249,188,61
Z27841,25,20,5
Z27842,1962,710,1252
Z27843,655,501,154
Z27844,1389,1182,207
Z27845,1037,980,57
Z27846,1475,1220,255
Z27847,434,326,108
Z27849,757,514,243
Z27850,5491,3241,2250
Z27851,2372,2046,326
Z27852,1372,1169,203
Z27853,209,157,52
Z27855,2595,2232,363
Z27856,7391,6395,996
Z27857,658,475,183
Z27858,24897,22050,2847
Z27860,1121,893,228
Z27861,42,32,10
Z27862,376,317,59
Z27863,4710,4421,289
Z27864,2091,1855,236
Z27865,789,696,93
Z27866,321,274,47
Z27869,1231,912,319
Z27870,12205,11015,1190
Z27871,2108,1636,472
Z27872,174,162,12
Z27873,211,189,22
Z27874,2439,1734,705
Z27875,269,188,81
Z27876,858,699,159
Z27878,984,819,165
Z27879,144,109,35
Z27880,1380,1316,64
Z27881,35,35,0
Z27882,3385,2730,655
Z27883,1581,1333,248
Z27884,472,419,53
Z27885,666,451,215
Z27886,9301,8210,1091
Z27888,1061,902,159
Z27889,12874,10651,2223
Z27890,1266,1032,234
Z27891,2246,1911,335
Z27892,7050,5736,1314
Z27893,17558,15303,2255
Z27896,8553,8229,324
Z27897,991,772,219
Z27909,16883,14466,2417
Z27910,5359,4437,922
Z27915,1973,492,1481
Z27916,293,224,69
Z27917,359,325,34
Z27919,540,362,178
Z27920,759,519,240
Z27921,2037,1811,226
Z27922,565,444,121
Z27923,384,207,177
Z27924,1554,1021,533
Z27925,1954,1402,552
Z27926,740,607,133
Z27927,4472,392,4080
Z27928,1126,841,285
Z27929,559,524,35
Z27932,6168,5064,1104
Z27935,726,635,91
Z27936,994,509,485
Z27937,1802,1513,289
Z27938,617,552,65
Z27939,1224,927,297
Z27941,209,209,0
Z27942,462,387,75
Z27943,777,211,566
Z27944,6318,4987,1331
Z27946,644,509,135
Z27947,635,564,71
Z27948,8994,4741,4253
Z27949,8519,3163,5356
Z27950,882,799,83
Z27953,663,481,182
Z27954,3664,2664,1000
Z27956,138,101,37
Z27957,835,652,183
Z27958,4061,3701,360
Z27959,5034,1224,3810
Z27960,795,225,570
Z27962,3692,3070,622
Z27964,346,336,10
Z27965,382,287,95
Z27966,535,371,164
Z27967,189,116,73
Z27968,830,154,676
Z27970,1612,1280,332
Z27972,627,90,537
Z27973,513,476,37
Z27974,535,502,33
Z27976,1396,1321,75
Z27978,96,80,16
Z27979,821,668,153
Z27980,993,841,152
Z27981,743,599,144
Z27982,190,42,148
Z27983,4352,3456,896
Z27985,152,131,21
Z27986,622,499,123
Z28001,12392,10811,1581
Z28006,486,418,68
Z28007,289,239,50
Z28009,619,528,91
Z28012,9167,8228,939
Z28016,5696,4924,772
Z28017,0,0,0
Z28018,2826,2310,516
Z28019,0,0,0
Z28020,984,831,153
Z28021,6264,5311,953
Z28023,6006,5265,741
Z28025,20566,18673,1893
Z28027,23198,20845,2353
Z28031,11775,10692,1083
Z28032,1386,1293,93
Z28033,1400,1145,255
Z28034,7326,6492,834
Z28036,5668,5275,393
Z28037,8545,7321,1224
Z28039,70,39,31
Z28040,3441,3005,436
Z28043,9966,8234,1732
Z28052,14727,12048,2679
Z28054,16332,14481,1851
Z28056,12737,11801,936
Z28071,1411,1178,233
Z28072,458,407,51
Z28073,2299,2033,266
Z28075,5775,5607,168
Z28076,291,201,90
Z28077,235,171,64
Z28078,21423,20184,1239
Z28079,11629,11114,515
Z28080,3156,2882,274
Z28081,11324,9788,1536
Z28083,10653,9156,1497
Z28086,11018,9914,1104
Z28088,1381,1209,172
Z28089,45,24,21
Z28090,3715,3153,562
Z28091,1094,902,192
Z28092,16276,14602,1674
Z28097,2309,2137,172
Z28098,1528,1353,175
Z28101,338,324,14
Z28102,46,40,6
Z28103,4249,3931,318
Z28104,11086,10507,579
Z28105,16975,16079,896
Z28107,2724,2548,176
Z28108,38,38,0
Z28109,102,76,26
Z28110,18737,17704,1033
Z28112,10254,9141,1113
Z28114,3634,2967,667
Z28115,13907,12374,1533
Z28117,16000,13798,2202
Z28119,1340,1139,201
Z28120,8901,8148,753
Z28124,2799,2328,471
Z28125,982,840,142
Z28127,4908,2571,2337
Z28128,3744,2968,776
Z28129,2428,2234,194
Z28133,1200,1034,166
Z28134,4551,4253,298
Z28135,2104,1821,283
Z28137,1599,1263,336
Z28138,4296,3538,758
Z28139,9299,7747,1552
Z28144,11363,9445,1918
Z28146,12311,10610,1701
Z28147,9774,8890,884
Z28150,13362,11209,2153
Z28152,10544,9254,1290
Z28159,1499,1285,214
Z28160,1964,1533,431
Z28163,2162,2022,140
Z28164,6044,5484,560
Z28166,3944,3417,527
Z28167,1136,943,193
Z28168,4369,3874,495
Z28169,82,49,33
Z28170,5498,4379,1119
Z28173,16112,15313,799
Z28174,2964,2719,245
Z28202,7383,6235,1148
Z28203,8014,6987,1027
Z28204,3046,2850,196
Z28205,21016,19236,1780
Z28206,4990,4386,604
Z28207,4189,3809,380
Z28208,15261,13028,2233
Z28209,11161,10391,770
Z28210,21747,20070,1677
Z28211,13470,12284,1186
Z28212,17125,15419,1706
Z28213,16227,14440,1787
Z28214,14192,13097,1095
Z28215,21933,19821,2112
Z28216,20241,18585,1656
Z28217,10938,9901,1037
Z28226,16873,15884,989
Z28227,20457,19170,1287
Z28244,0,0,0
Z28262,15798,14471,1327
Z28269,30210,28201,2009
Z28270,13349,12842,507
Z28273,14127,13277,850
Z28277,26184,24814,1370
Z28278,8609,8173,436
Z28280,0,0,0
Z28282,0,0,0
Z28301,8266,6824,1442
Z28303,15029,12874,2155
Z28304,16740,14563,2177
Z28305,3412,2813,599
Z28306,17102,15529,1573
Z28307,5426,4985,441
Z28308,20,20,0
Z28310,0,0,0
Z28311,16477,13777,2700
Z28312,8492,7293,1199
Z28314,26047,21943,4104
Z28315,5418,4721,697
Z28318,2107,1833,274
Z28320,4419,3798,621
Z28323,1406,1190,216
Z28325,174,164,10
Z28326,7139,6432,707
Z28327,6398,5622,776
Z28328,11559,10115,1444
Z28330,272,218,54
Z28332,218,191,27
Z28333,4882,4040,842
Z28334,11259,9735,1524
Z28337,5934,4316,1618
Z28338,2332,1978,354
Z28339,3190,2682,508
Z28340,4711,4005,706
Z28341,1759,1424,335
Z28342,80,70,10
Z28343,766,530,236
Z28344,1468,1169,299
Z28345,5390,4892,498
Z28347,522,434,88
Z28348,13094,11819,1275
Z28349,1590,1422,168
Z28350,80,80,0
Z28351,1844,1549,295
Z28352,10613,9308,1305
Z28356,2145,1768,377
Z28357,1334,1239,95
Z28358,15543,13446,2097
Z28360,5410,4846,564
Z28363,615,495,120
Z28364,5740,5028,712
Z28365,7404,6469,935
Z28366,2493,1982,511
Z28367,64,35,29
Z28369,1109,1008,101
Z28371,2608,2185,423
Z28372,5034,4505,529
Z28373,1096,1019,77
Z28374,9912,7891,2021
Z28375,66,53,13
Z28376,16073,13878,2195
Z28377,5025,4159,866
Z28379,12033,10587,1446
Z28382,3068,2618,450
Z28383,3171,2874,297
Z28384,4749,4208,541
Z28385,1253,1122,131
Z28386,2205,1912,293
Z28387,7829,6518,1311
Z28390,9793,8296,1497
Z28391,2270,1983,287
Z28392,700,678,22
Z28393,692,582,110
Z28394,2656,2022,634
Z28395,1047,915,132
Z28396,1307,1121,186
Z28398,3631,3003,628
Z28399,978,851,127
Z28401,11949,10023,1926
Z28403,18899,16674,2225
Z28405,14519,12858,1661
Z28409,13522,12342,1180
Z28411,14685,13470,1215
Z28412,17871,16139,1732
Z28420,1644,1282,362
Z28421,741,487,254
Z28422,3909,2941,968
Z28423,1048,955,93
Z28424,28,28,0
Z28425,4927,4022,905
Z28428,5604,2568,3036
Z28429,3289,3057,232
Z28430,756,655,101
Z28431,3166,2671,495
Z28432,913,824,89
Z28433,2237,2064,173
Z28434,766,610,156
Z28435,1168,968,200
Z28436,799,731,68
Z28438,868,768,100
Z28439,906,755,151
Z28441,1717,1532,185
Z28442,748,683,65
Z28443,8547,6964,1583
Z28444,969,747,222
Z28445,6729,2823,3906
Z28447,644,612,32
Z28448,549,483,66
Z28449,1895,856,1039
Z28450,1454,943,511
Z28451,13263,11998,1265
Z28452,320,320,0
Z28453,1517,1252,265
Z28454,1027,772,255
Z28455,990,658,332
Z28456,1847,1490,357
Z28457,4015,3535,480
Z28458,2960,2473,487
Z28460,6529,3553,2976
Z28461,10855,7637,3218
Z28462,12081,5185,6896
Z28463,3707,3233,474
Z28464,898,786,112
Z28465,8827,3145,5682
Z28466,5273,4520,753
Z28467,7151,4761,2390
Z28468,5743,2174,3569
Z28469,7768,2773,4995
Z28470,6132,4598,1534
Z28472,8783,7609,1174
Z28478,2025,1672,353
Z28479,2559,2273,286
Z28480,2690,1172,1518
Z28501,9995,8122,1873
Z28504,9599,8520,1079
Z28508,931,846,85
Z28510,1048,612,436
Z28511,443,290,153
Z28512,7115,1593,5522
Z28513,4641,4171,470
Z28515,1248,862,386
Z28516,6509,5023,1486
Z28518,3666,3224,442
Z28519,180,127,53
Z28520,217,161,56
Z28521,1057,892,165
Z28523,1148,1098,50
Z28524,208,131,77
Z28525,1197,1056,141
Z28526,1277,1080,197
Z28527,544,528,16
Z28528,467,307,160
Z28529,1270,954,316
Z28530,3280,2681,599
Z28531,1190,607,583
Z28532,9904,8525,1379
Z28533,18,18,0
Z28537,241,39,202
Z28538,979,886,93
Z28539,6929,5815,1114
Z28540,21004,17862,3142
Z28543,1968,1832,136
Z28544,2281,2066,215
Z28546,19233,17123,2110
Z28547,1953,1885,68
Z28551,6273,5776,497
Z28552,92,60,32
Z28553,291,152,139
Z28554,100,80,20
Z28555,2115,1822,293
Z28556,779,509,270
Z28557,7871,6474,1397
Z28560,13205,11130,2075
Z28562,17395,15762,1633
Z28570,10662,9178,1484
Z28571,1773,1205,568
Z28572,2751,2362,389
Z28573,1149,969,180
Z28574,6468,5839,629
Z28575,1749,259,1490
Z28577,297,141,156
Z28578,2069,1874,195
Z28579,311,233,78
Z28580,4564,4062,502
Z28581,164,86,78
Z28582,824,824,0
Z28583,104,85,19
Z28584,6396,4702,1694
Z28585,1752,1570,182
Z28586,3289,2900,389
Z28587,226,166,60
Z28589,133,107,26
Z28590,9977,9351,626
Z28594,6798,1817,4981
Z28601,22420,19218,3202
Z28602,12651,11146,1505
Z28604,9120,2759,6361
Z28605,4332,1559,2773
Z28606,953,728,225
Z28607,17004,12438,4566
Z28609,2838,2384,454
Z28610,4129,3558,571
Z28611,660,445,215
Z28612,5490,4589,901
Z28613,9647,8754,893
Z28615,1209,801,408
Z28616,286,174,112
Z28617,1667,1216,451
Z28618,1398,876,522
Z28619,674,550,124
Z28621,4832,4053,779
Z28622,1503,878,625
Z28623,1077,812,265
Z28624,887,723,164
Z28625,15781,14045,1736
Z28626,1727,1038,689
Z28627,808,492,316
Z28628,151,139,12
Z28629,7,7,0
Z28630,8396,7486,910
Z28631,672,313,359
Z28634,2334,1932,402
Z28635,1965,1656,309
Z28636,2302,1903,399
Z28637,718,648,70
Z28638,5326,4454,872
Z28640,2805,1914,891
Z28642,2721,2381,340
Z28643,2109,1649,460
Z28644,1291,447,844
Z28645,22206,18302,3904
Z28646,1249,256,993
Z28647,123,49,74
Z28649,516,428,88
Z28650,4722,4131,591
Z28651,3600,2680,920
Z28652,31,31,0
Z28654,1768,1486,282
Z28655,24722,20885,3837
Z28657,6558,4124,2434
Z28658,11252,9849,1403
Z28659,9549,8165,1384
Z28660,947,882,65
Z28662,53,0,53
Z28663,503,234,269
Z28665,1526,1053,473
Z28666,133,133,0
Z28667,243,174,69
Z28668,971,138,833
Z28669,1270,1104,166
Z28670,1430,1260,170
Z28671,206,206,0
Z28672,0,0,0
Z28673,3024,2162,862
Z28675,3953,2854,1099
Z28676,1670,1530,140
Z28677,15085,12578,2507
Z28678,2156,2030,126
Z28679,1146,817,329
Z28681,11413,9588,1825
Z28682,691,554,137
Z28683,993,740,253
Z28684,1628,916,712
Z28685,1040,705,335
Z28689,621,593,28
Z28690,4292,3686,606
Z28692,2488,1651,837
Z28693,820,614,206
Z28694,4805,3452,1353
Z28697,5866,5125,741
Z28698,1299,830,469
Z28701,1501,1450,51
Z28702,538,223,315
Z28704,8999,8154,845
Z28705,4048,2854,1194
Z28707,187,40,147
Z28708,354,279,75
Z28709,1038,934,104
Z28711,6970,5417,1553
Z28712,10761,7955,2806
Z28713,5791,3446,2345
Z28714,10086,6931,3155
Z28715,11317,9971,1346
Z28716,8576,7121,1455
Z28717,2858,805,2053
Z28718,269,156,113
Z28719,3952,2910,1042
Z28720,221,42,179
Z28721,5322,4437,885
Z28722,3391,2716,675
Z28723,5128,3305,1823
Z28725,17,8,9
Z28726,1616,1315,301
Z28729,1637,1395,242
Z28730,4214,3564,650
Z28731,4304,3367,937
Z28732,7590,6965,625
Z28733,112,21,91
Z28734,17292,11993,5299
Z28735,365,103,262
Z28736,1149,424,725
Z28739,10957,8993,1964
Z28740,757,533,224
Z28741,5590,1894,3696
Z28742,1210,1039,171
Z28743,1359,965,394
Z28745,610,284,326
Z28746,3126,1121,2005
Z28747,2071,896,1175
Z28748,5315,4661,654
Z28749,138,0,138
Z28751,4104,1598,2506
Z28752,14004,11961,2043
Z28753,5805,4837,968
Z28754,4181,2994,1187
Z28756,2389,1905,484
Z28757,394,128,266
Z28759,3059,2740,319
Z28761,3682,2896,786
Z28762,3321,2688,633
Z28763,1751,1225,526
Z28766,674,489,185
Z28768,3743,3009,734
Z28771,5454,3060,2394
Z28772,672,479,193
Z28773,2074,1216,858
Z28774,2366,709,1657
Z28775,267,155,112
Z28777,4863,3611,1252
Z28778,4687,4282,405
Z28779,9071,6986,2085
Z28781,925,393,532
Z28782,4021,3056,965
Z28783,1116,646,470
Z28785,4497,3091,1406
Z28786,12087,9609,2478
Z28787,8916,7808,1108
Z28789,3426,2173,1253
Z28790,1706,1342,364
Z28791,7326,6551,775
Z28792,16363,13483,2880
Z28801,7453,6511,942
Z28803,15535,13862,1673
Z28804,9524,8257,1267
Z28805,9250,8483,767
Z28806,18451,16570,1881
Z28901,2866,2151,715
Z28902,860,585,275
Z28904,5973,3649,2324
Z28905,1596,1124,472
Z28906,12931,7159,5772
Z28909,576,445,131
Z29001,871,794,77
Z29003,3062,2576,486
Z29006,4573,3801,772
Z29009,1309,1017,292
Z29010,5106,4229,877
Z29014,791,687,104
Z29015,834,553,281
Z29016,7009,6612,397
Z29018,1613,1238,375
Z29020,11119,9190,1929
Z29030,1137,867,270
Z29031,668,493,175
Z29032,1964,1761,203
Z29033,5662,5290,372
Z29036,8582,7663,919
Z29037,585,391,194
Z29038,1134,869,265
Z29039,1597,1293,304
Z29040,3889,3418,471
Z29042,2718,2079,639
Z29044,2577,2040,537
Z29045,9411,8693,718
Z29046,86,56,30
Z29047,2036,1426,610
Z29048,2909,1872,1037
Z29051,347,279,68
Z29052,852,786,66
Z29053,7670,6715,955
Z29054,4139,3622,517
Z29055,2024,1618,406
Z29056,1018,783,235
Z29058,1976,1719,257
Z29059,2814,2217,597
Z29061,5936,5369,567
Z29062,106,70,36
Z29063,13602,12653,949
Z29065,373,231,142
Z29067,4122,3568,554
Z29069,2151,1933,218
Z29070,7440,5845,1595
Z29072,21488,20116,1372
Z29073,17166,15865,1301
Z29074,300,26,274
Z29075,1300,1224,76
Z29078,6403,5738,665
Z29079,54,10,44
Z29080,1476,1146,330
Z29081,760,551,209
Z29082,300,203,97
Z29101,1376,1115,261
Z29102,8984,6922,2062
Z29104,653,537,116
Z29105,515,455,60
Z29107,1568,1331,237
Z29108,8157,6941,1216
Z29111,675,605,70
Z29112,2273,1682,591
Z29113,793,625,168
Z29114,884,713,171
Z29115,13742,10794,2948
Z29117,0,0,0
Z29118,7000,6332,668
Z29122,37,24,13
Z29123,3329,2922,407
Z29125,1278,1006,272
Z29126,1174,959,215
Z29127,5043,3542,1501
Z29128,2231,1786,445
Z29129,1379,1040,339
Z29130,3396,2663,733
Z29133,546,431,115
Z29135,4003,3350,653
Z29137,1137,927,210
Z29138,4625,3855,770
Z29142,2553,1923,630
Z29145,480,355,125
Z29146,886,660,226
Z29147,0,0,0
Z29148,4680,3052,1628
Z29150,18963,16448,2515
Z29152,466,343,123
Z29153,6727,5811,916
Z29154,11801,10707,1094
Z29160,3659,3136,523
Z29161,4748,4136,612
Z29162,1197,1053,144
Z29163,778,736,42
Z29164,2054,1710,344
Z29166,467,326,141
Z29168,1421,1183,238
Z29169,11996,10660,1336
Z29170,8753,8116,637
Z29172,3819,3573,246
Z29175,169,169,0
Z29178,1812,1335,477
Z29180,6847,5406,1441
Z29201,9808,7726,2082
Z29202,208,160,48
Z29203,17104,14588,2516
Z29204,9088,8037,1051
Z29205,12810,10841,1969
Z29206,9100,7904,1196
Z29207,277,12,265
Z29208,0,0,0
Z29209,14830,12928,1902
Z29210,18475,16194,2281
Z29212,12855,11668,1187
Z29223,23062,20704,2358
Z29225,0,0,0
Z29229,17423,15580,1843
Z29301,14605,12804,1801
Z29302,7709,6840,869
Z29303,10119,8830,1289
Z29306,7505,6251,1254
Z29307,9152,8217,935
Z29316,9539,8860,679
Z29320,227,182,45
Z29321,1324,1130,194
Z29322,3563,3031,532
Z29323,6089,5365,724
Z29324,103,103,0
Z29325,6140,5325,815
Z29329,110,78,32
Z29330,3630,3075,555
Z29331,83,58,25
Z29332,1951,1079,872
Z29333,188,160,28
Z29334,5236,4880,356
Z29335,1998,1648,350
Z29338,0,0,0
Z29340,9164,7839,1325
Z29341,8384,7331,1053
Z29346,120,104,16
Z29349,12505,10984,1521
Z29351,768,520,248
Z29353,2169,1718,451
Z29355,469,434,35
Z29356,4123,3362,761
Z29360,9442,8002,1440
Z29364,300,257,43
Z29365,4122,3679,443
Z29368,0,0,0
Z29369,5296,5134,162
Z29370,409,308,101
Z29372,2014,1635,379
Z29373,81,66,15
Z29374,1494,1254,240
Z29375,34,25,9
Z29376,3211,2860,351
Z29377,353,353,0
Z29378,59,59,0
Z29379,9090,7722,1368
Z29384,2896,1873,1023
Z29385,3107,2821,286
Z29388,5936,5131,805
Z29401,5326,4102,1224
Z29403,10320,8607,1713
Z29404,390,348,42
Z29405,11668,9793,1875
Z29406,13447,11550,1897
Z29407,17338,15201,2137
Z29409,19,19,0
Z29410,7825,7336,489
Z29412,18063,16430,1633
Z29414,16876,15808,1068
Z29418,10988,9672,1316
Z29420,8643,7831,812
Z29423,0,0,0
Z29424,0,0,0
Z29426,681,546,135
Z29429,1311,1000,311
Z29431,2953,2316,637
Z29432,1499,1110,389
Z29434,225,189,36
Z29435,1777,1559,218
Z29436,2290,1660,630
Z29437,1078,902,176
Z29438,3573,1179,2394
Z29439,2373,1038,1335
Z29440,13100,9945,3155
Z29445,21371,20105,1266
Z29446,525,320,205
Z29448,968,887,81
Z29449,4104,3527,577
Z29450,1515,1263,252
Z29451,4602,1918,2684
Z29452,164,136,28
Z29453,674,501,173
Z29455,13569,8569,5000
Z29456,11474,10558,916
Z29458,1417,883,534
Z29461,13432,12443,989
Z29464,21772,19912,1860
Z29466,12459,11778,681
Z29468,1127,771,356
Z29469,474,455,19
Z29470,1978,1749,229
Z29471,740,546,194
Z29472,3282,2829,453
Z29474,1191,1034,157
Z29475,1350,980,370
Z29477,3094,2414,680
Z29479,3032,2463,569
Z29481,813,658,155
Z29482,1131,808,323
Z29483,28108,25819,2289
Z29485,19600,18029,1571
Z29487,1337,1085,252
Z29488,9839,8442,1397
Z29492,5037,4497,540
Z29493,52,46,6
Z29501,20013,17847,2166
Z29505,10752,9953,799
Z29506,8707,7269,1438
Z29510,4873,3965,908
Z29511,2302,1983,319
Z29512,7603,6316,1287
Z29516,419,358,61
Z29518,560,394,166
Z29519,167,123,44
Z29520,6819,5897,922
Z29525,868,760,108
Z29526,17744,15375,2369
Z29527,10344,9193,1151
Z29530,1235,1028,207
Z29532,9039,7959,1080
Z29536,7229,6067,1162
Z29540,2258,2050,208
Z29541,3577,3227,350
Z29543,206,182,24
Z29544,2208,1915,293
Z29545,724,593,131
Z29546,1361,1074,287
Z29547,1158,934,224
Z29550,14284,12343,1941
Z29554,4207,3449,758
Z29555,2499,2084,415
Z29556,5746,4605,1141
Z29560,5779,4900,879
Z29563,1355,1115,240
Z29564,466,317,149
Z29565,3007,2641,366
Z29566,10699,7577,3122
Z29567,239,223,16
Z29568,6653,5275,1378
Z29569,6913,5964,949
Z29570,1684,1440,244
Z29571,6453,5484,969
Z29572,15237,4278,10959
Z29574,5879,4545,1334
Z29575,17151,7878,9273
Z29576,19508,12490,7018
Z29577,21070,12177,8893
Z29579,18112,13310,4802
Z29580,651,480,171
Z29581,2304,1805,499
Z29582,28550,8006,20544
Z29583,2377,2083,294
Z29584,1130,1005,125
Z29585,10787,6136,4651
Z29588,18237,15571,2666
Z29590,1301,866,435
Z29591,2234,1960,274
Z29592,505,435,70
Z29593,978,766,212
Z29594,75,61,14
Z29596,1278,959,319
Z29601,5723,4857,866
Z29605,15578,13800,1778
Z29607,17389,15772,1617
Z29609,13197,11728,1469
Z29611,12953,10850,2103
Z29613,0,0,0
Z29614,78,78,0
Z29615,17531,16023,1508
Z29617,11329,10110,1219
Z29620,6088,5096,992
Z29621,17720,15926,1794
Z29624,7116,5763,1353
Z29625,13347,11674,1673
Z29626,5933,4987,946
Z29627,7550,6374,1176
Z29628,1220,921,299
Z29630,6667,5726,941
Z29631,6249,5204,1045
Z29634,99,99,0
Z29635,961,598,363
Z29638,1481,1214,267
Z29639,513,393,120
Z29640,13150,11656,1494
Z29642,12457,11463,994
Z29643,1747,1018,729
Z29644,8046,7285,761
Z29645,3851,3505,346
Z29646,12382,10534,1848
Z29649,11280,9985,1295
Z29650,13782,13001,781
Z29651,18017,16843,1174
Z29653,2084,1784,300
Z29654,4770,4066,704
Z29655,3920,2824,1096
Z29657,6435,5822,613
Z29658,156,128,28
Z29659,77,48,29
Z29661,2808,2247,561
Z29662,6481,5916,565
Z29664,1269,868,401
Z29665,45,45,0
Z29666,3381,2768,613
Z29667,100,100,0
Z29669,5261,4396,865
Z29670,4361,3738,623
Z29671,7843,6873,970
Z29672,6312,5073,1239
Z29673,11115,10144,971
Z29676,3852,2594,1258
Z29678,10869,8995,1874
Z29680,10875,10298,577
Z29681,19386,18132,1254
Z29682,1883,1356,527
Z29683,133,34,99
Z29684,1756,1686,70
Z29685,1181,533,648
Z29686,561,280,281
Z29687,17211,16058,1153
Z29689,2588,1756,832
Z29690,8314,7287,1027
Z29691,4838,4249,589
Z29692,2421,1949,472
Z29693,7450,5592,1858
Z29696,2233,1778,455
Z29697,5426,4970,456
Z29702,4346,3490,856
Z29704,1707,1594,113
Z29706,9043,7519,1524
Z29707,9416,8935,481
Z29708,10592,10249,343
Z29709,2936,2352,584
Z29710,13331,11851,1480
Z29712,986,817,169
Z29714,1289,1127,162
Z29715,10671,10232,439
Z29717,565,466,99
Z29718,1710,1482,228
Z29720,19167,16315,2852
Z29724,19,19,0
Z29726,845,752,93
Z29727,723,570,153
Z29728,4874,4012,862
Z29729,893,853,40
Z29730,23070,21052,2018
Z29732,23950,22133,1817
Z29733,0,0,0
Z29741,894,774,120
Z29742,1030,944,86
Z29743,488,416,72
Z29745,11569,10676,893
Z29801,12422,10212,2210
Z29803,17184,15268,1916
Z29805,2628,2312,316
Z29809,1221,1074,147
Z29810,2444,1848,596
Z29812,5313,4260,1053
Z29816,609,477,132
Z29817,2406,1774,632
Z29819,777,582,195
Z29821,601,506,95
Z29824,3015,2585,430
Z29826,76,41,35
Z29827,1595,1225,370
Z29828,538,491,47
Z29829,4049,3614,435
Z29831,1814,1500,314
Z29832,2336,1995,341
Z29834,875,724,151
Z29835,3917,3155,762
Z29836,321,254,67
Z29838,495,240,255
Z29840,129,89,40
Z29841,14421,12964,1457
Z29842,3677,3242,435
Z29843,720,544,176
Z29844,67,54,13
Z29845,794,428,366
Z29847,2089,1660,429
Z29848,295,269,26
Z29849,133,64,69
Z29850,265,172,93
Z29851,3215,2766,449
Z29853,3170,2538,632
Z29856,1301,1079,222
Z29860,6262,5540,722
Z29899,0,0,0
Z29902,6742,5518,1224
Z29904,0,0,0
Z29905,12,12,0
Z29906,8879,7447,1432
Z29907,5482,4618,864
Z29909,10334,9014,1320
Z29910,15310,13367,1943
Z29911,899,742,157
Z29912,41,0,41
Z29915,544,215,329
Z29916,637,554,83
Z29918,1881,1531,350
Z29920,7004,4001,3003
Z29921,116,100,16
Z29922,560,413,147
Z29923,273,242,31
Z29924,1765,1493,272
Z29926,12643,10237,2406
Z29927,3328,2832,496
Z29928,22725,8061,14664
Z29929,562,430,132
Z29932,184,112,72
Z29934,605,343,262
Z29935,1623,1479,144
Z29936,5612,4842,770
Z29939,161,144,17
Z29940,1816,1522,294
Z29941,444,293,151
Z29943,181,162,19
Z29944,2300,1993,307
Z29945,2041,1756,285
Z30002,3074,2682,392
Z30004,21751,20690,1061
Z30005,12910,12284,626
Z30008,11594,10372,1222
Z30009,6327,6129,198
Z30011,5203,4752,451
Z30012,10324,8816,1508
Z30013,10075,8923,1152
Z30014,14501,13109,1392
Z30016,18763,17006,1757
Z30017,7667,7275,392
Z30019,13756,12934,822
Z30021,8441,7372,1069
Z30022,24767,23528,1239
Z30024,22365,21406,959
Z30025,3778,3260,518
Z30028,8055,7121,934
Z30030,12295,11171,1124
Z30032,20706,16641,4065
Z30033,14204,12916,1288
Z30034,18146,15414,2732
Z30035,8447,7255,1192
Z30038,16677,14840,1837
Z30039,15297,13954,1343
Z30040,21462,19335,2127
Z30041,21093,19085,2008
Z30043,28531,26482,2049
Z30044,29379,27595,1784
Z30045,10904,9864,1040
Z30046,13232,11982,1250
Z30047,20563,19501,1062
Z30052,20857,19346,1511
Z30054,4439,3976,463
Z30055,1033,870,163
Z30056,900,816,84
Z30058,22127,19053,3074
Z30060,14166,12200,1966
Z30062,24434,23405,1029
Z30064,18678,17579,1099
Z30066,20843,19945,898
Z30067,22653,20059,2594
Z30068,12520,12050,470
Z30070,208,139,69
Z30071,7872,7115,757
Z30072,372,339,33
Z30075,21095,19997,1098
Z30076,17389,16254,1135
Z30078,12000,11117,883
Z30079,1415,1041,374
Z30080,27335,25054,2281
Z30082,11511,10553,958
Z30083,22189,18849,3340
Z30084,14795,13263,1532
Z30087,14266,13194,1072
Z30088,10651,9184,1467
Z30092,14402,13168,1234
Z30093,20472,18115,2357
Z30094,12442,11357,1085
Z30096,26814,25261,1553
Z30097,15751,14641,1110
Z30101,20867,19446,1421
Z30102,14214,13058,1156
Z30103,6019,5449,570
Z30104,1656,1428,228
Z30105,980,814,166
Z30106,8814,7789,1025
Z30107,5363,4863,500
Z30108,3296,3017,279
Z30110,5296,4837,459
Z30113,2781,2326,455
Z30114,19560,18220,1340
Z30115,13324,12758,566
Z30116,8653,7795,858
Z30117,15362,13567,1795
Z30118,0,0,0
Z30120,15344,14040,1304
Z30121,8673,7749,924
Z30122,9708,8900,808
Z30124,1342,1097,245
Z30125,9549,8256,1293
Z30126,15589,14472,1117
Z30127,21905,20739,1166
Z30132,13072,11995,1077
Z30134,16684,14771,1913
Z30135,22717,20784,1933
Z30137,619,554,65
Z30139,1715,1598,117
Z30141,8148,7630,518
Z30143,10602,8297,2305
Z30144,20870,19342,1528
Z30145,3019,2586,433
Z30147,2127,1767,360
Z30148,234,222,12
Z30149,44,22,22
Z30152,15854,14894,960
Z30153,7510,6710,800
Z30157,17208,16103,1105
Z30161,15825,13171,2654
Z30164,0,0,0
Z30165,16489,14800,1689
Z30168,10826,9312,1514
Z30170,1213,1077,136
Z30171,1401,1183,218
Z30173,2369,2070,299
Z30175,2602,2284,318
Z30176,3018,2605,413
Z30177,486,439,47
Z30178,1390,1212,178
Z30179,6623,6148,475
Z30180,13752,12487,1265
Z30182,1098,927,171
Z30183,2058,1703,355
Z30184,2849,2653,196
Z30185,1559,1352,207
Z30187,3204,2986,218
Z30188,21788,20519,1269
Z30189,13828,13157,671
Z30204,5303,4526,777
Z30205,1155,1121,34
Z30206,1094,919,175
Z30213,12381,11088,1293
Z30214,11780,10679,1101
Z30215,12225,11799,426
Z30216,955,748,207
Z30217,4197,3538,659
Z30218,789,688,101
Z30220,1877,1715,162
Z30222,2008,1639,369
Z30223,15609,12628,2981
Z30224,10222,9125,1097
Z30228,13943,12484,1459
Z30230,3931,3115,816
Z30233,9082,7520,1562
Z30234,761,686,75
Z30236,18873,15830,3043
Z30238,13440,11572,1868
Z30240,12047,10461,1586
Z30241,9761,8607,1154
Z30248,8088,7506,582
Z30250,50,50,0
Z30251,1123,1014,109
Z30252,14282,13469,813
Z30253,21074,18600,2474
Z30256,993,867,126
Z30257,1872,1647,225
Z30258,1098,993,105
Z30259,1200,1038,162
Z30260,10069,8650,1419
Z30263,21864,20607,1257
Z30265,12925,12258,667
Z30268,3808,3176,632
Z30269,13671,12708,963
Z30273,5327,4807,520
Z30274,13818,12042,1776
Z30275,0,0,0
Z30276,5455,5171,284
Z30277,8066,7863,203
Z30281,25907,23372,2535
Z30284,21,21,0
Z30285,253,191,62
Z30286,10667,8924,1743
Z30288,3389,2919,470
Z30289,31,31,0
Z30290,3117,3021,96
Z30291,9405,7758,1647
Z30292,2389,1997,392
Z30293,1416,1066,350
Z30294,14905,13384,1521
Z30295,1744,1565,179
Z30296,9855,8722,1133
Z30297,10240,8087,2153
Z30303,1460,1095,365
Z30305,13699,10823,2876
Z30306,12096,10877,1219
Z30307,9537,8724,813
Z30308,11866,10019,1847
Z30309,15873,12896,2977
Z30310,14798,10396,4402
Z30311,16407,13290,3117
Z30312,12612,11263,1349
Z30313,2431,2071,360
Z30314,11256,7264,3992
Z30315,15267,11297,3970
Z30316,15259,12381,2878
Z30317,6127,5087,1040
Z30318,25440,20222,5218
Z30319,19920,18472,1448
Z30322,22,0,22
Z30324,15796,14214,1582
Z30326,4192,3004,1188
Z30327,10306,9315,991
Z30328,16514,14995,1519
Z30329,13482,11713,1769
Z30331,26564,22121,4443
Z30332,0,0,0
Z30334,0,0,0
Z30336,305,217,88
Z30337,6610,5148,1462
Z30338,14530,13452,1078
Z30339,12731,11176,1555
Z30340,10977,9883,1094
Z30341,14926,13031,1895
Z30342,13829,12478,1351
Z30344,16058,12496,3562
Z30345,11045,9651,1394
Z30346,3975,3223,752
Z30349,29771,24081,5690
Z30350,17526,16149,1377
Z30354,7499,6005,1494
Z30360,5758,5147,611
Z30363,2722,1680,1042
Z30401,5738,4888,850
Z30410,777,654,123
Z30411,1118,817,301
Z30412,42,32,10
Z30413,842,716,126
Z30415,2532,2299,233
Z30417,4624,3932,692
Z30420,656,504,152
Z30421,1821,1560,261
Z30423,96,88,8
Z30425,730,561,169
Z30426,466,335,131
Z30427,4762,3798,964
Z30428,1321,1057,264
Z30429,110,78,32
Z30434,2392,1946,446
Z30436,5187,4448,739
Z30438,35,31,4
Z30439,4708,3908,800
Z30441,921,737,184
Z30442,3993,2987,1006
Z30445,1438,1129,309
Z30446,642,564,78
Z30448,18,18,0
Z30449,46,36,10
Z30450,1073,926,147
Z30451,22,17,5
Z30452,690,553,137
Z30453,3132,2468,664
Z30454,313,222,91
Z30455,285,203,82
Z30456,965,679,286
Z30457,3008,2434,574
Z30458,17824,15827,1997
Z30460,0,0,0
Z30461,5626,4912,714
Z30464,31,31,0
Z30467,5735,4552,1183
Z30470,220,194,26
Z30471,2146,1741,405
Z30473,1347,1022,325
Z30474,7474,6710,764
Z30475,0,0,0
Z30477,1344,1103,241
Z30501,10555,9288,1267
Z30504,8455,7755,700
Z30506,17933,15341,2592
Z30507,9069,8259,810
Z30510,2868,2297,571
Z30511,1434,1322,112
Z30512,12993,7617,5376
Z30513,7850,4406,3444
Z30516,815,704,111
Z30517,4567,4069,498
Z30518,17442,15669,1773
Z30519,13880,12953,927
Z30520,2046,1690,356
Z30521,2108,1817,291
Z30522,1063,420,643
Z30523,6689,4882,1807
Z30525,5064,2926,2138
Z30527,1737,1558,179
Z30528,11916,9131,2785
Z30529,4069,3453,616
Z30530,2616,2204,412
Z30531,4510,3713,797
Z30533,11094,9439,1655
Z30534,12086,9948,2138
Z30535,2890,2406,484
Z30536,4655,3238,1417
Z30537,1702,677,1025
Z30538,1141,970,171
Z30540,10241,6809,3432
Z30541,773,640,133
Z30542,12594,11576,1018
Z30543,1688,1439,249
Z30545,1126,331,795
Z30546,5638,2860,2778
Z30547,1263,1154,109
Z30548,6598,6178,420
Z30549,8847,8068,779
Z30552,1798,721,1077
Z30553,4216,2819,1397
Z30554,3280,2760,520
Z30555,1377,906,471
Z30557,2477,1691,786
Z30558,2374,2132,242
Z30559,2995,1853,1142
Z30560,3321,1652,1669
Z30562,673,430,243
Z30563,2393,2101,292
Z30564,1562,1265,297
Z30565,1764,1498,266
Z30566,3290,2916,374
Z30567,1326,1157,169
Z30568,1082,898,184
Z30571,3054,1866,1188
Z30572,990,475,515
Z30573,99,74,25
Z30575,322,307,15
Z30576,1443,960,483
Z30577,10752,8071,2681
Z30581,15,0,15
Z30582,2605,1666,939
Z30601,9939,8300,1639
Z30602,0,0,0
Z30605,17527,14642,2885
Z30606,19177,16450,2727
Z30607,4458,3434,1024
Z30609,0,0,0
Z30619,505,475,30
Z30620,4455,4017,438
Z30621,1807,1658,149
Z30622,4377,3880,497
Z30623,98,93,5
Z30624,1362,1250,112
Z30625,1294,981,313
Z30627,1175,877,298
Z30628,2640,2435,205
Z30629,1992,1710,282
Z30630,927,866,61
Z30631,1055,726,329
Z30633,3680,3107,573
Z30634,865,669,196
Z30635,7649,6146,1503
Z30641,744,691,53
Z30642,6371,4694,1677
Z30643,8592,6546,2046
Z30646,2838,2472,366
Z30648,1433,1265,168
Z30650,4757,4079,678
Z30655,9623,8297,1326
Z30656,5941,5579,362
Z30660,650,431,219
Z30662,3889,3384,505
Z30663,1300,1153,147
Z30664,20,20,0
Z30665,43,31,12
Z30666,3472,3042,430
Z30667,443,363,80
Z30668,1430,747,683
Z30669,1625,1264,361
Z30673,3797,3102,695
Z30677,6653,6147,506
Z30678,806,615,191
Z30680,14719,13052,1667
Z30683,3003,2605,398
Z30701,15777,13656,2121
Z30705,13439,12214,1225
Z30707,6801,6179,622
Z30708,149,107,42
Z30710,2693,2356,337
Z30711,1545,1321,224
Z30720,11344,9718,1626
Z30721,19681,17106,2575
Z30725,2040,1613,427
Z30726,37,0,37
Z30728,8844,7511,1333
Z30730,793,707,86
Z30731,1469,1081,388
Z30733,817,742,75
Z30734,1378,1136,242
Z30735,2292,1994,298
Z30736,16475,14740,1735
Z30738,2003,1616,387
Z30739,1893,1702,191
Z30740,3370,3039,331
Z30741,13855,12097,1758
Z30742,3383,3011,372
Z30746,521,521,0
Z30747,6753,5880,873
Z30750,1492,1319,173
Z30751,26,26,0
Z30752,4085,3557,528
Z30753,2863,2521,342
Z30755,3558,3150,408
Z30756,80,69,11
Z30757,920,755,165
Z30802,2480,1971,509
Z30803,384,289,95
Z30805,1104,957,147
Z30807,53,49,4
Z30808,1771,1580,191
Z30809,15617,14006,1611
Z30810,938,750,188
Z30812,0,0,0
Z30813,13496,11385,2111
Z30814,3463,2959,504
Z30815,14985,13406,1579
Z30816,983,745,238
Z30817,4209,3243,966
Z30818,308,308,0
Z30820,721,477,244
Z30821,501,333,168
Z30822,404,293,111
Z30823,769,628,141
Z30824,7439,6490,949
Z30828,2132,1590,542
Z30830,5903,5049,854
Z30833,1622,1337,285
Z30901,8686,6401,2285
Z30903,297,261,36
Z30904,12934,9949,2985
Z30905,1202,1127,75
Z30906,23184,19966,3218
Z30907,21656,18775,2881
Z30909,21344,17136,4208
Z30912,0,0,0
Z31001,1363,1050,313
Z31002,1230,1040,190
Z31003,81,69,12
Z31005,6381,6177,204
Z31006,2409,1820,589
Z31007,536,390,146
Z31008,7534,6997,537
Z31009,705,571,134
Z31011,416,340,76
Z31012,803,587,216
Z31014,5500,4397,1103
Z31015,10092,8150,1942
Z31016,654,533,121
Z31017,854,663,191
Z31018,621,487,134
Z31019,1042,832,210
Z31020,1151,806,345
Z31021,12188,10306,1882
Z31022,627,533,94
Z31023,7009,5860,1149
Z31024,12046,8089,3957
Z31025,645,539,106
Z31027,4559,3673,886
Z31028,2402,1962,440
Z31029,6544,5834,710
Z31030,7281,6224,1057
Z31031,2772,2182,590
Z31032,5476,5028,448
Z31033,1304,918,386
Z31035,573,474,99
Z31036,5214,4349,865
Z31037,1575,1222,353
Z31038,385,332,53
Z31039,0,0,0
Z31041,549,379,170
Z31042,772,581,191
Z31044,1499,1098,401
Z31045,67,35,32
Z31046,1367,1166,201
Z31047,4452,4092,360
Z31049,844,650,194
Z31050,521,425,96
Z31051,106,87,19
Z31052,3689,3184,505
Z31054,865,613,252
Z31055,3208,2469,739
Z31057,1034,774,260
Z31058,936,614,322
Z31060,1286,963,323
Z31061,19638,15469,4169
Z31062,9,9,0
Z31063,2418,1927,491
Z31064,4248,3554,694
Z31065,505,321,184
Z31066,549,506,43
Z31067,136,112,24
Z31068,1815,1392,423
Z31069,8012,6911,1101
Z31070,445,372,73
Z31071,628,480,148
Z31072,687,538,149
Z31075,1198,990,208
Z31076,1644,1376,268
Z31077,744,561,183
Z31078,1416,1190,226
Z31079,1093,882,211
Z31081,182,100,82
Z31082,4675,3799,876
Z31083,157,124,33
Z31084,37,29,8
Z31085,469,393,76
Z31087,5407,2850,2557
Z31088,21488,19595,1893
Z31089,2198,1697,501
Z31090,493,244,249
Z31091,1672,1380,292
Z31092,3438,2721,717
Z31093,13295,11424,1871
Z31094,566,450,116
Z31096,2981,2318,663
Z31097,589,470,119
Z31098,976,944,32
Z31201,4506,3408,1098
Z31204,15473,11954,3519
Z31206,12642,9551,3091
Z31207,3,3,0
Z31210,14292,12893,1399
Z31211,7764,6289,1475
Z31213,0,0,0
Z31216,6196,5641,555
Z31217,7889,6272,1617
Z31220,5867,5129,738
Z31301,2148,1674,474
Z31302,3268,3099,169
Z31303,1002,801,201
Z31304,112,0,112
Z31305,3206,2521,685
Z31307,459,383,76
Z31308,3082,2676,406
Z31309,352,308,44
Z31312,6232,5546,686
Z31313,18358,15513,2845
Z31314,0,0,0
Z31315,2743,2431,312
Z31316,4224,3461,763
Z31318,278,214,64
Z31320,4097,3463,634
Z31321,2831,2573,258
Z31322,9506,8854,652
Z31323,676,548,128
Z31324,8401,7628,773
Z31326,7320,6792,528
Z31327,354,147,207
Z31328,3487,1356,2131
Z31329,3328,3007,321
Z31331,5566,2593,2973
Z31401,10696,8272,2424
Z31404,13110,11293,1817
Z31405,15977,13780,2197
Z31406,15042,13425,1617
Z31407,4585,4035,550
Z31408,3864,3359,505
Z31409,0,0,0
Z31410,10631,9909,722
Z31411,4311,3625,686
Z31415,5481,4442,1039
Z31419,23571,21062,2509
Z31501,7033,5894,1139
Z31503,9193,7974,1219
Z31510,4246,3537,709
Z31512,1171,962,209
Z31513,7289,6017,1272
Z31516,6250,5414,836
Z31518,296,224,72
Z31519,1618,1348,270
Z31520,10331,8781,1550
Z31522,11357,7300,4057
Z31523,5625,5062,563
Z31524,0,0,0
Z31525,12549,10649,1900
Z31527,763,322,441
Z31532,364,323,41
Z31533,7279,5918,1361
Z31535,4338,4057,281
Z31537,3610,2941,669
Z31539,6096,5136,960
Z31542,1203,1111,92
Z31543,1947,1618,329
Z31544,541,285,256
Z31545,6774,5687,1087
Z31546,2802,2314,488
Z31547,110,80,30
Z31548,8396,7668,728
Z31549,1380,997,383
Z31550,464,305,159
Z31551,427,400,27
Z31552,413,347,66
Z31553,2235,1796,439
Z31554,2322,1801,521
Z31555,1196,925,271
Z31556,20,20,0
Z31557,1243,1035,208
Z31558,8736,7602,1134
Z31560,1234,1068,166
Z31561,784,135,649
Z31562,939,696,243
Z31563,851,581,270
Z31565,1083,765,318
Z31566,1828,1357,471
Z31567,325,255,70
Z31568,552,369,183
Z31569,2365,2030,335
Z31601,13742,11740,2002
Z31602,15144,13208,1936
Z31605,8568,7658,910
Z31606,1524,1271,253
Z31620,4394,3798,596
Z31622,952,725,227
Z31623,72,26,46
Z31624,498,414,84
Z31625,574,574,0
Z31626,1671,1344,327
Z31627,150,109,41
Z31629,332,245,87
Z31630,199,166,33
Z31631,284,214,70
Z31632,4270,3837,433
Z31634,2472,2198,274
Z31635,2596,2140,456
Z31636,4215,3541,674
Z31637,1423,1214,209
Z31638,541,425,116
Z31639,4764,3855,909
Z31641,710,629,81
Z31642,1990,1606,384
Z31643,4230,3464,766
Z31645,2451,2146,305
Z31647,1555,1261,294
Z31648,481,415,66
Z31649,477,443,34
Z31650,1505,1208,297
Z31698,0,0,0
Z31699,0,0,0
Z31701,9509,7864,1645
Z31705,13215,11274,1941
Z31707,12475,10990,1485
Z31709,6839,5910,929
Z31711,453,328,125
Z31712,493,414,79
Z31714,2995,2279,716
Z31716,1093,970,123
Z31719,4059,3429,630
Z31720,203,175,28
Z31721,8122,7651,471
Z31722,212,152,60
Z31730,4005,3609,396
Z31733,741,653,88
Z31735,766,395,371
Z31738,915,830,85
Z31743,219,159,60
Z31744,1241,1016,225
Z31747,128,66,62
Z31749,982,832,150
Z31750,8375,6810,1565
Z31756,287,256,31
Z31757,4375,3983,392
Z31763,8675,8271,404
Z31764,641,503,138
Z31765,1305,1206,99
Z31768,9538,8103,1435
Z31771,2151,1936,215
Z31772,195,195,0
Z31773,1570,1309,261
Z31774,2729,2207,522
Z31775,1244,1069,175
Z31778,1272,1066,206
Z31779,3394,3110,284
Z31780,957,792,165
Z31781,774,690,84
Z31783,503,375,128
Z31784,425,288,137
Z31787,661,475,186
Z31788,4223,3605,618
Z31789,503,470,33
Z31790,678,600,78
Z31791,5250,4613,637
Z31792,11314,9592,1722
Z31793,3605,3125,480
Z31794,10962,9309,1653
Z31795,959,852,107
Z31796,623,455,168
Z31798,414,345,69
Z31801,1162,893,269
Z31803,2972,2258,714
Z31804,2132,1978,154
Z31805,1318,1050,268
Z31806,2125,1851,274
Z31807,1033,1016,17
Z31808,2662,2455,207
Z31810,105,81,24
Z31811,2329,1914,415
Z31812,271,191,80
Z31814,124,124,0
Z31815,1018,746,272
Z31816,2613,2014,599
Z31820,3478,3231,247
Z31821,182,60,122
Z31822,2677,2156,521
Z31823,336,283,53
Z31824,963,736,227
Z31825,1221,974,247
Z31826,1070,931,139
Z31827,1209,956,253
Z31829,545,362,183
Z31830,1041,807,234
Z31831,1635,1180,455
Z31832,115,83,32
Z31833,3490,3045,445
Z31836,517,410,107
Z31901,4069,3339,730
Z31903,9469,7670,1799
Z31904,15252,13273,1979
Z31905,4233,3333,900
Z31906,10628,8827,1801
Z31907,22563,19932,2631
Z31909,15735,14706,1029
Z32003,10928,10216,712
Z32008,2938,2127,811
Z32009,1224,1114,110
Z32011,5443,4861,582
Z32024,7769,6534,1235
Z32025,8796,7466,1330
Z32026,0,0,0
Z32033,1854,1694,160
Z32034,19102,13485,5617
Z32038,4219,3353,866
Z32040,2857,2379,478
Z32043,9832,8696,1136
Z32044,898,630,268
Z32046,3562,3230,332
Z32052,3012,2498,514
Z32053,1853,1510,343
Z32054,3821,3338,483
Z32055,7097,5952,1145
Z32058,1514,1265,249
Z32059,1145,871,274
Z32060,9824,8298,1526
Z32061,75,56,19
Z32062,1105,957,148
Z32063,5014,4306,708
Z32064,3015,2464,551
Z32065,12945,11884,1061
Z32066,2388,1983,405
Z32068,19111,17119,1992
Z32071,1700,1216,484
Z32072,143,98,45
Z32073,16206,14768,1438
Z32079,236,190,46
Z32080,15744,9919,5825
Z32081,2560,2321,239
Z32082,15565,13044,2521
Z32083,633,573,60
Z32084,14730,12457,2273
Z32086,12214,11030,1184
Z32087,1545,1347,198
Z32091,6975,5557,1418
Z32092,12048,10408,1640
Z32094,1169,1069,100
Z32095,3296,2842,454
Z32096,1306,1032,274
Z32097,6307,5588,719
Z32102,1864,1043,821
Z32110,3717,2816,901
Z32112,4042,2803,1239
Z32113,2717,2072,645
Z32114,16481,12951,3530
Z32117,12529,9500,3029
Z32118,15985,8526,7459
Z32119,11953,9465,2488
Z32124,1537,1233,304
Z32127,16307,12622,3685
Z32128,8390,7288,1102
Z32129,10790,9116,1674
Z32130,2285,1811,474
Z32131,2110,1695,415
Z32132,3697,2883,814
Z32133,80,80,0
Z32134,5914,3070,2844
Z32136,5255,3167,2088
Z32137,21078,14895,6183
Z32139,819,478,341
Z32140,768,380,388
Z32141,8822,7315,1507
Z32145,2213,1777,436
Z32147,121,79,42
Z32148,5382,4068,1314
Z32157,260,125,135
Z32159,18614,15029,3585
Z32162,35694,29581,6113
Z32164,18196,15228,2968
Z32168,12961,10763,2198
Z32169,11180,4944,6236
Z32174,24028,19838,4190
Z32176,10558,6764,3794
Z32177,11647,9762,1885
Z32179,4527,2895,1632
Z32180,1547,1292,255
Z32181,1110,706,404
Z32187,743,715,28
Z32189,3872,2783,1089
Z32190,437,276,161
Z32193,755,438,317
Z32195,1425,1249,176
Z32202,2124,1683,441
Z32204,4385,3576,809
Z32205,14719,12710,2009
Z32206,9141,6655,2486
Z32207,16620,14260,2360
Z32208,14649,11940,2709
Z32209,17095,12388,4707
Z32210,26644,22966,3678
Z32211,14831,12036,2795
Z32212,264,264,0
Z32216,17329,15282,2047
Z32217,9554,8049,1505
Z32218,22346,19970,2376
Z32219,4598,3959,639
Z32220,5227,4386,841
Z32221,10546,9533,1013
Z32222,3651,3238,413
Z32223,10101,9483,618
Z32224,16811,14486,2325
Z32225,21576,19452,2124
Z32226,6328,5807,521
Z32227,515,344,171
Z32228,0,0,0
Z32233,10606,8958,1648
Z32234,2715,2326,389
Z32244,24141,21251,2890
Z32246,21450,19020,2430
Z32250,14199,11933,2266
Z32254,5995,4557,1438
Z32256,20844,18606,2238
Z32257,16860,14846,2014
Z32258,11696,10747,949
Z32259,14589,13737,852
Z32266,3616,2948,668
Z32277,13238,11006,2232
Z32301,14666,12759,1907
Z32303,22620,19426,3194
Z32304,20335,16999,3336
Z32305,9131,7658,1473
Z32308,11027,10227,800
Z32309,12788,11919,869
Z32310,8152,6543,1609
Z32311,8721,7880,841
Z32312,12976,12212,764
Z32317,5490,5202,288
Z32320,1929,1380,549
Z32321,2406,1664,742
Z32322,2243,1306,937
Z32323,439,151,288
Z32324,1829,1531,298
Z32327,10427,9176,1251
Z32328,2964,1273,1691
Z32330,250,225,25
Z32331,2133,1698,435
Z32332,793,627,166
Z32333,5089,4484,605
Z32334,1003,769,234
Z32336,915,683,232
Z32340,4640,3721,919
Z32343,1400,1232,168
Z32344,5835,4736,1099
Z32346,1735,723,1012
Z32347,3714,3028,686
Z32348,4693,3536,1157
Z32350,734,583,151
Z32351,7552,6686,866
Z32352,2539,2179,360
Z32355,192,120,72
Z32356,81,61,20
Z32358,1503,909,594
Z32359,2254,785,1469
Z32361,116,64,52
Z32399,0,0,0
Z32401,11676,9429,2247
Z32403,970,811,159
Z32404,16514,13597,2917
Z32405,14387,12411,1976
Z32407,7745,4048,3697
Z32408,16615,7041,9574
Z32409,3727,3352,375
Z32410,1545,522,1023
Z32413,16275,6079,10196
Z32420,1160,788,372
Z32421,2069,1777,292
Z32423,605,398,207
Z32424,2633,2144,489
Z32425,5844,4583,1261
Z32426,431,330,101
Z32427,572,439,133
Z32428,6875,5517,1358
Z32430,635,446,189
Z32431,2113,1664,449
Z32432,23,23,0
Z32433,7144,5753,1391
Z32435,3679,2782,897
Z32437,497,274,223
Z32438,2086,1372,714
Z32439,4188,3186,1002
Z32440,2553,2077,476
Z32442,1768,1418,350
Z32443,1490,998,492
Z32444,8473,7767,706
Z32445,579,481,98
Z32446,4750,3705,1045
Z32447,0,0,0
Z32448,4760,3943,817
Z32449,380,300,80
Z32455,2239,1709,530
Z32456,5893,3103,2790
Z32459,12701,5481,7220
Z32460,1655,1368,287
Z32461,58,9,49
Z32462,2004,1188,816
Z32463,60,53,7
Z32464,2182,1755,427
Z32465,3646,2378,1268
Z32466,2734,2124,610
Z32501,5492,4416,1076
Z32502,1714,1278,436
Z32503,13321,11888,1433
Z32504,10700,9443,1257
Z32505,12766,10113,2653
Z32506,16282,13631,2651
Z32507,17047,11576,5471
Z32508,500,450,50
Z32509,0,0,0
Z32511,0,0,0
Z32514,18241,16085,2156
Z32526,15521,13601,1920
Z32530,51,51,0
Z32531,2544,1980,564
Z32533,10927,9783,1144
Z32534,6653,5714,939
Z32535,2157,1737,420
Z32536,9242,8155,1087
Z32539,10422,8887,1535
Z32541,15438,7354,8084
Z32542,853,630,223
Z32544,312,312,0
Z32547,15847,14434,1413
Z32548,12427,8693,3734
Z32550,13006,3392,9614
Z32561,6288,3573,2715
Z32563,10431,9401,1030
Z32564,1315,1019,296
Z32565,2462,2147,315
Z32566,16402,13259,3143
Z32567,1712,1345,367
Z32568,1264,1071,193
Z32569,5442,4720,722
Z32570,12616,11375,1241
Z32571,12112,11139,973
Z32577,1863,1667,196
Z32578,13539,12326,1213
Z32579,4886,4523,363
Z32580,1794,1574,220
Z32583,9949,8761,1188
Z32601,9182,7719,1463
Z32603,2422,2064,358
Z32605,10459,9520,939
Z32606,10600,9407,1193
Z32607,14802,11883,2919
Z32608,23245,19355,3890
Z32609,7999,6511,1488
Z32612,5,5,0
Z32615,6916,6021,895
Z32616,464,395,69
Z32617,1717,1542,175
Z32618,3336,3026,310
Z32619,2083,1741,342
Z32621,2513,2036,477
Z32622,576,440,136
Z32625,1115,653,462
Z32626,4213,3429,784
Z32628,1749,1439,310
Z32631,213,213,0
Z32639,259,20,239
Z32640,5866,4484,1382
Z32641,5290,4509,781
Z32643,4941,4032,909
Z32648,553,189,364
Z32653,6142,5723,419
Z32656,6638,5286,1352
Z32658,112,91,21
Z32664,376,296,80
Z32666,3211,2417,794
Z32667,1751,1618,133
Z32668,2238,1824,414
Z32669,5073,4238,835
Z32680,5685,4016,1669
Z32681,83,83,0
Z32683,58,50,8
Z32686,2638,1992,646
Z32692,789,196,593
Z32693,5102,4365,737
Z32694,998,839,159
Z32696,5184,4215,969
Z32697,167,116,51
Z32701,11534,8584,2950
Z32702,1405,1148,257
Z32703,18713,16139,2574
Z32707,16683,14136,2547
Z32708,16902,14979,1923
Z32709,1008,896,112
Z32712,17117,15292,1825
Z32713,9054,8014,1040
Z32714,17231,12872,4359
Z32720,13660,11395,2265
Z32724,14570,12211,2359
Z32725,18433,15941,2492
Z32726,9677,7909,1768
Z32730,2492,2287,205
Z32732,2109,1524,585
Z32735,1974,1807,167
Z32736,4022,3338,684
Z32738,16769,14892,1877
Z32744,1732,1431,301
Z32746,18441,14855,3586
Z32750,8803,7864,939
Z32751,10023,8487,1536
Z32754,5034,3963,1071
Z32757,12918,10351,2567
Z32759,1424,1062,362
Z32763,10282,8701,1581
Z32764,1564,1295,269
Z32765,21045,19005,2040
Z32766,5129,4678,451
Z32767,1239,926,313
Z32771,22436,17175,5261
Z32773,13371,9841,3530
Z32776,4041,3644,397
Z32778,10574,8297,2277
Z32779,11475,10263,1212
Z32780,19125,14871,4254
Z32784,4977,4002,975
Z32789,11963,10134,1829
Z32792,23481,20171,3310
Z32796,10106,8253,1853
Z32798,1789,1355,434
Z32801,8304,6981,1323
Z32803,10319,9137,1182
Z32804,9125,8177,948
Z32805,9383,8001,1382
Z32806,12440,11241,1199
Z32807,12811,11363,1448
Z32808,19539,16544,2995
Z32809,10946,9254,1692
Z32810,14283,12484,1799
Z32811,16929,14610,2319
Z32812,15500,14333,1167
Z32814,3579,3023,556
Z32817,13012,11812,1200
Z32818,17120,15559,1561
Z32819,14140,9791,4349
Z32820,3039,2687,352
Z32821,10921,7481,3440
Z32822,25086,21714,3372
Z32824,13912,11835,2077
Z32825,21684,19966,1718
Z32826,8800,7547,1253
Z32827,3152,2660,492
Z32828,23018,20289,2729
Z32829,7502,6429,1073
Z32830,8,8,0
Z32831,116,33,83
Z32832,6724,6057,667
Z32833,3776,3356,420
Z32835,18833,15955,2878
Z32836,7634,6318,1316
Z32837,20071,17736,2335
Z32839,21810,17921,3889
Z32901,13566,11097,2469
Z32903,6919,5991,928
Z32904,12385,10617,1768
Z32905,11959,9705,2254
Z32907,17341,14835,2506
Z32908,3917,3481,436
Z32909,12292,10592,1700
Z32920,8881,5539,3342
Z32922,7452,5964,1488
Z32925,457,370,87
Z32926,9659,8220,1439
Z32927,10602,8885,1717
Z32931,10875,7070,3805
Z32934,7859,7194,665
Z32935,20621,17259,3362
Z32937,13642,10774,2868
Z32940,15971,13828,2143
Z32948,2402,2024,378
Z32949,1142,945,197
Z32950,1750,1525,225
Z32951,6912,5154,1758
Z32952,9424,8198,1226
Z32953,10976,9628,1348
Z32955,16515,14734,1781
Z32958,12912,10676,2236
Z32960,11224,8869,2355
Z32962,12454,9186,3268
Z32963,11927,7200,4727
Z32966,10416,7644,2772
Z32967,10115,7212,2903
Z32968,5469,4900,569
Z32970,204,166,38
Z32976,6415,4243,2172
Z33001,633,123,510
Z33004,8836,6755,2081
Z33009,30883,19197,11686
Z33010,15395,14792,603
Z33012,24203,22854,1349
Z33013,9858,9484,374
Z33014,14543,13538,1005
Z33015,22158,20631,1527
Z33016,14649,13963,686
Z33018,13184,12756,428
Z33019,12589,7089,5500
Z33020,21610,17857,3753
Z33021,22076,18312,3764
Z33023,21619,19959,1660
Z33024,25410,22838,2572
Z33025,25822,21770,4052
Z33026,12254,11159,1095
Z33027,24423,21412,3011
Z33028,9128,8298,830
Z33029,14155,12864,1291
Z33030,10351,9552,799
Z33031,2262,2121,141
Z33032,11888,10836,1052
Z33033,16783,15011,1772
Z33034,5757,4917,840
Z33035,6173,4755,1418
Z33036,3819,1470,2349
Z33037,10556,4600,5956
Z33039,66,66,0
Z33040,18103,12174,5929
Z33042,4770,2825,1945
Z33043,3066,1949,1117
Z33050,6373,3305,3068
Z33051,1499,391,1108
Z33054,10451,8862,1589
Z33055,12459,11760,699
Z33056,11109,9597,1512
Z33060,14745,12654,2091
Z33062,21773,12329,9444
Z33063,24800,21038,3762
Z33064,24051,19771,4280
Z33065,19381,17576,1805
Z33066,10772,8423,2349
Z33067,9941,8924,1017
Z33068,16576,14478,2098
Z33069,14851,10931,3920
Z33070,4090,2069,2021
Z33071,13248,12515,733
Z33073,11487,10221,1266
Z33076,10470,9796,674
Z33101,0,0,0
Z33109,869,275,594
Z33122,0,0,0
Z33125,21198,19190,2008
Z33126,19175,17319,1856
Z33127,10628,9112,1516
Z33128,3306,2861,445
Z33129,9128,6501,2627
Z33130,14024,10661,3363
Z33131,14057,8338,5719
Z33132,8947,5235,3712
Z33133,16656,13504,3152
Z33134,18458,16493,1965
Z33135,15083,13819,1264
Z33136,6314,4972,1342
Z33137,11402,9137,2265
Z33138,13913,11768,2145
Z33139,32795,20149,12646
Z33140,17143,9809,7334
Z33141,22693,16620,6073
Z33142,20422,17626,2796
Z33143,14149,12122,2027
Z33144,8832,8519,313
Z33145,12926,11296,1630
Z33146,4779,3756,1023
Z33147,15256,13013,2243
Z33149,7509,4570,2939
Z33150,10126,8621,1505
Z33154,10347,6367,3980
Z33155,15237,14240,997
Z33156,12807,11229,1578
Z33157,21520,19806,1714
Z33158,2396,2191,205
Z33160,36781,19187,17594
Z33161,18081,15840,2241
Z33162,15187,13249,1938
Z33165,17442,16574,868
Z33166,8369,7595,774
Z33167,5849,5497,352
Z33168,7125,6564,561
Z33169,13962,12218,1744
Z33170,3667,3353,314
Z33172,14474,12858,1616
Z33173,12391,11529,862
Z33174,9805,9119,686
Z33175,16168,15362,806
Z33176,19258,17056,2202
Z33177,15144,14209,935
Z33178,16165,13019,3146
Z33179,17970,15336,2634
Z33180,25024,15391,9633
Z33181,9417,7443,1974
Z33182,3917,3793,124
Z33183,12497,11882,615
Z33184,6715,6411,304
Z33185,7996,7708,288
Z33186,23924,21822,2102
Z33187,4832,4534,298
Z33189,8335,7739,596
Z33190,4543,4085,458
Z33193,14863,13827,1036
Z33194,1428,1428,0
Z33196,14124,12915,1209
Z33301,9788,7221,2567
Z33304,12684,9701,2983
Z33305,8248,6561,1687
Z33306,2054,1683,371
Z33308,23776,16135,7641
Z33309,14115,12543,1572
Z33311,25480,20932,4548
Z33312,21136,18397,2739
Z33313,24149,19743,4406
Z33314,9272,8030,1242
Z33315,6733,5789,944
Z33316,8102,5311,2791
Z33317,13301,12082,1219
Z33319,23334,18210,5124
Z33321,22874,20189,2685
Z33322,19983,16175,3808
Z33323,7397,6488,909
Z33324,22065,18446,3619
Z33325,10828,9597,1231
Z33326,13912,11089,2823
Z33327,7479,6769,710
Z33328,10485,9974,511
Z33330,4657,4328,329
Z33331,7859,7163,696
Z33332,3282,2862,420
Z33334,13966,12328,1638
Z33351,12677,11338,1339
Z33401,16287,11070,5217
Z33403,5379,4636,743
Z33404,15759,10107,5652
Z33405,8571,7341,1230
Z33406,9569,8638,931
Z33407,13514,10778,2736
Z33408,12497,8792,3705
Z33409,13399,10808,2591
Z33410,17147,14783,2364
Z33411,27937,23580,4357
Z33412,6150,4845,1305
Z33413,5499,4771,728
Z33414,22600,18627,3973
Z33415,18973,15932,3041
Z33417,18782,13984,4798
Z33418,20441,16056,4385
Z33426,11217,9002,2215
Z33428,15490,13647,1843
Z33430,7762,6421,1341
Z33431,8738,6751,1987
Z33432,13735,9816,3919
Z33433,23376,19585,3791
Z33434,13694,9877,3817
Z33435,18151,13195,4956
Z33436,22194,18262,3932
Z33437,21191,18214,2977
Z33438,205,127,78
Z33440,7646,6099,1547
Z33441,14180,11189,2991
Z33442,19738,13845,5893
Z33444,9831,8271,1560
Z33445,17177,13440,3737
Z33446,16340,12111,4229
Z33449,4540,3917,623
Z33455,12170,9515,2655
Z33458,22314,19951,2363
Z33460,13873,10997,2876
Z33461,17099,14189,2910
Z33462,14804,11864,2940
Z33463,20125,17044,3081
Z33467,23153,19465,3688
Z33469,8556,6437,2119
Z33470,8651,7808,843
Z33471,3265,2005,1260
Z33472,9193,8128,1065
Z33473,3091,2691,400
Z33476,2882,2523,359
Z33477,11819,7275,4544
Z33478,4627,4190,437
Z33480,11552,5560,5992
Z33483,9408,6163,3245
Z33484,18639,13740,4899
Z33486,9487,8737,750
Z33487,11440,8072,3368
Z33493,872,607,265
Z33496,11441,9421,2020
Z33498,5565,4932,633
Z33503,38,38,0
Z33510,11056,10357,699
Z33511,22852,20437,2415
Z33513,5263,3803,1460
Z33514,756,630,126
Z33521,293,197,96
Z33523,7733,6528,1205
Z33525,8373,7152,1221
Z33527,4962,4412,550
Z33534,5271,4622,649
Z33538,3074,1922,1152
Z33540,5202,3703,1499
Z33541,12621,8658,3963
Z33542,13996,9820,4176
Z33543,9235,7933,1302
Z33544,9066,8365,701
Z33545,5540,4746,794
Z33547,7860,7133,727
Z33548,2561,2369,192
Z33549,6877,6243,634
Z33556,8517,7376,1141
Z33558,8842,7579,1263
Z33559,7346,6587,759
Z33563,10573,9354,1219
Z33565,6932,6256,676
Z33566,7163,6456,707
Z33567,3713,3439,274
Z33569,9861,8444,1417
Z33570,10655,8159,2496
Z33572,7173,6238,935
Z33573,14026,11639,2387
Z33576,2109,1638,471
Z33578,18281,16677,1604
Z33579,9865,8375,1490
Z33584,9878,9010,868
Z33585,535,449,86
Z33592,4404,3969,435
Z33594,12918,11968,950
Z33596,10533,10081,452
Z33597,3882,2917,965
Z33598,5014,4343,671
Z33602,8147,7011,1136
Z33603,9214,8145,1069
Z33604,16862,14380,2482
Z33605,8080,6805,1275
Z33606,8830,7749,1081
Z33607,11859,10444,1415
Z33609,8979,8179,800
Z33610,17175,15297,1878
Z33611,16498,14784,1714
Z33612,20875,17890,2985
Z33613,16140,12815,3325
Z33614,20055,17801,2254
Z33615,19834,17270,2564
Z33616,6772,6017,755
Z33617,19384,16781,2603
Z33618,12009,10833,1176
Z33619,12968,11860,1108
Z33620,0,0,0
Z33621,594,551,43
Z33624,16424,14999,1425
Z33625,10058,9382,676
Z33626,11650,10560,1090
Z33629,11472,10574,898
Z33634,7663,7122,541
Z33635,7306,6565,741
Z33637,7311,6164,1147
Z33647,24654,22339,2315
Z33701,11104,8370,2734
Z33702,15229,13033,2196
Z33703,11786,10039,1747
Z33704,8451,7215,1236
Z33705,13657,10468,3189
Z33706,14126,8539,5587
Z33707,15883,12366,3517
Z33708,13515,8392,5123
Z33709,14627,11613,3014
Z33710,15410,13384,2026
Z33711,9075,6958,2117
Z33712,11199,9572,1627
Z33713,14499,12352,2147
Z33714,9710,7875,1835
Z33715,6756,3775,2981
Z33716,9796,8515,1281
Z33744,0,0,0
Z33755,11600,8689,2911
Z33756,15861,12577,3284
Z33759,9263,7509,1754
Z33760,7491,6370,1121
Z33761,10375,8934,1441
Z33762,3245,2773,472
Z33763,11367,8938,2429
Z33764,14433,11364,3069
Z33765,6717,5739,978
Z33767,8403,4560,3843
Z33770,14202,11399,2803
Z33771,17164,13367,3797
Z33772,12369,9931,2438
Z33773,8563,7309,1254
Z33774,10104,8316,1788
Z33776,5738,5047,691
Z33777,8116,6752,1364
Z33778,7638,6207,1431
Z33781,12031,10412,1619
Z33782,10600,9441,1159
Z33785,6091,2975,3116
Z33786,1180,753,427
Z33801,14422,12064,2358
Z33803,14549,11849,2700
Z33805,10188,8524,1664
Z33809,12899,10749,2150
Z33810,19529,16776,2753
Z33811,8821,7517,1304
Z33812,5077,4405,672
Z33813,13151,11726,1425
Z33815,7514,5162,2352
Z33823,12336,10140,2196
Z33825,11672,8880,2792
Z33827,1149,865,284
Z33830,11060,9001,2059
Z33834,2300,1766,534
Z33837,10779,7637,3142
Z33838,1765,1309,456
Z33839,1128,1038,90
Z33841,3602,2745,857
Z33843,5206,3453,1753
Z33844,16779,11677,5102
Z33847,60,47,13
Z33848,602,473,129
Z33849,327,327,0
Z33850,3582,3078,504
Z33851,400,311,89
Z33852,12067,8228,3839
Z33853,4931,4081,850
Z33854,423,76,347
Z33855,45,7,38
Z33856,557,287,270
Z33857,1193,732,461
Z33859,4941,3891,1050
Z33860,9190,7789,1401
Z33865,232,184,48
Z33867,247,220,27
Z33868,4413,3805,608
Z33870,12009,8660,3349
Z33872,9287,7052,2235
Z33873,5420,4325,1095
Z33875,5194,4413,781
Z33876,2960,2018,942
Z33877,232,201,31
Z33880,15686,12711,2975
Z33881,15188,12316,2872
Z33884,14301,11487,2814
Z33890,1762,1402,360
Z33896,5236,2986,2250
Z33897,11736,5937,5799
Z33898,8867,6433,2434
Z33901,10956,7893,3063
Z33903,15128,10243,4885
Z33904,19204,13046,6158
Z33905,14364,10432,3932
Z33907,12562,8904,3658
Z33908,29951,16753,13198
Z33909,10156,8085,2071
Z33912,10430,6864,3566
Z33913,10244,6701,3543
Z33914,18819,13997,4822
Z33916,10424,7449,2975
Z33917,17498,12666,4832
Z33919,18738,13387,5351
Z33920,2417,1733,684
Z33921,2011,512,1499
Z33922,2761,1492,1269
Z33924,1809,37,1772
Z33928,16828,10296,6532
Z33930,277,277,0
Z33931,14582,5551,9031
Z33935,7885,5740,2145
Z33936,10204,8005,2199
Z33944,211,109,102
Z33945,139,0,139
Z33946,2524,977,1547
Z33947,5673,3919,1754
Z33948,9099,6916,2183
Z33950,14387,9940,4447
Z33952,15999,12516,3483
Z33953,3792,2542,1250
Z33954,3952,3475,477
Z33955,6327,4083,2244
Z33956,3303,1834,1469
Z33957,8545,3487,5058
Z33960,578,382,196
Z33965,0,0,0
Z33966,5359,3676,1683
Z33967,9678,7895,1783
Z33971,8233,6611,1622
Z33972,4840,4190,650
Z33973,4394,3654,740
Z33974,5388,4410,978
Z33976,4993,4360,633
Z33980,7702,5455,2247
Z33981,5952,4275,1677
Z33982,5256,3840,1416
Z33983,7896,6127,1769
Z33990,13253,11015,2238
Z33991,8219,6505,1714
Z33993,9483,7434,2049
Z34101,28,0,28
Z34102,9654,5531,4123
Z34103,10986,5905,5081
Z34104,14768,10073,4695
Z34105,9921,6955,2966
Z34108,14567,7920,6647
Z34109,14076,10722,3354
Z34110,15621,10024,5597
Z34112,18851,11322,7529
Z34113,11242,6867,4375
Z34114,11479,5964,5515
Z34116,10282,9025,1257
Z34117,4947,4347,600
Z34119,14941,11396,3545
Z34120,11590,8524,3066
Z34134,13715,6978,6737
Z34135,25649,16195,9454
Z34137,149,149,0
Z34138,292,153,139
Z34139,605,267,338
Z34140,480,162,318
Z34141,66,0,66
Z34142,7207,5548,1659
Z34145,18650,8254,10396
Z34201,2565,1831,734
Z34202,9952,8510,1442
Z34203,17982,13718,4264
Z34205,15483,12213,3270
Z34207,18514,13904,4610
Z34208,13442,11792,1650
Z34209,17863,14043,3820
Z34210,11402,7210,4192
Z34211,2390,1867,523
Z34212,7062,5671,1391
Z34215,425,230,195
Z34216,1530,587,943
Z34217,6340,2666,3674
Z34219,8209,7081,1128
Z34221,19686,14921,4765
Z34222,6881,5268,1613
Z34223,13379,8413,4966
Z34224,10719,7321,3398
Z34228,9409,3867,5542
Z34229,4146,3402,744
Z34231,18139,13996,4143
Z34232,15068,13447,1621
Z34233,8913,7863,1050
Z34234,10414,8894,1520
Z34235,8322,6113,2209
Z34236,9641,6369,3272
Z34237,8170,6895,1275
Z34238,11909,9479,2430
Z34239,8521,6959,1562
Z34240,5233,4435,798
Z34241,6382,5546,836
Z34242,10863,3958,6905
Z34243,14370,12011,2359
Z34251,1989,1737,252
Z34266,12114,9542,2572
Z34268,75,25,50
Z34269,2512,1691,821
Z34275,10633,8313,2320
Z34285,15292,9946,5346
Z34286,7478,7065,413
Z34287,14584,10800,3784
Z34288,4774,4042,732
Z34289,1091,999,92
Z34291,2729,2065,664
Z34292,9049,7355,1694
Z34293,20218,15693,4525
Z34420,7521,5758,1763
Z34428,5292,3988,1304
Z34429,4689,3364,1325
Z34431,4446,3326,1120
Z34432,6402,5250,1152
Z34433,2976,2277,699
Z34434,3942,3210,732
Z34436,4590,3375,1215
Z34442,8703,6637,2066
Z34445,51,0,51
Z34446,9209,7713,1496
Z34448,6411,4424,1987
Z34449,1728,1206,522
Z34450,6135,4891,1244
Z34452,5898,4859,1039
Z34453,5404,4214,1190
Z34461,5235,4226,1009
Z34465,9164,7750,1414
Z34470,9273,7938,1335
Z34471,11646,9736,1910
Z34472,11768,10263,1505
Z34473,7608,6376,1232
Z34474,8278,6624,1654
Z34475,5126,3976,1150
Z34476,10630,9105,1525
Z34479,5536,4935,601
Z34480,8064,6690,1374
Z34481,10864,8710,2154
Z34482,8873,7048,1825
Z34484,1625,1369,256
Z34488,5695,4375,1320
Z34491,14841,11940,2901
Z34498,507,273,234
Z34601,10606,8529,2077
Z34602,3105,2692,413
Z34604,4263,3667,596
Z34606,14031,11559,2472
Z34607,5046,3848,1198
Z34608,14294,12469,1825
Z34609,16868,14651,2217
Z34610,5400,4449,951
Z34613,10256,8098,2158
Z34614,2985,2454,531
Z34637,2364,2247,117
Z34638,8239,7553,686
Z34639,9509,8948,561
Z34652,14636,10566,4070
Z34653,16633,13469,3164
Z34654,10254,8459,1795
Z34655,18156,15804,2352
Z34661,246,129,117
Z34667,19051,14352,4699
Z34668,22507,17946,4561
Z34669,5849,4645,1204
Z34677,9721,8189,1532
Z34679,32,32,0
Z34681,427,383,44
Z34683,15518,12801,2717
Z34684,14895,13438,1457
Z34685,7804,7150,654
Z34688,3773,3067,706
Z34689,13929,10912,3017
Z34690,6757,5387,1370
Z34691,11332,7813,3519
Z34695,8532,7396,1136
Z34698,21685,17489,4196
Z34705,1062,880,182
Z34711,21712,19068,2644
Z34714,8365,5909,2456
Z34715,5970,5066,904
Z34731,5443,4264,1179
Z34734,1485,1469,16
Z34736,5593,4985,608
Z34737,1241,975,266
Z34739,583,207,376
Z34741,18844,15041,3803
Z34743,12224,10807,1417
Z34744,17122,14325,2797
Z34746,20280,11908,8372
Z34747,21422,5690,15732
Z34748,21638,17673,3965
Z34753,1754,1578,176
Z34756,1438,1229,209
Z34758,12057,9940,2117
Z34759,13805,10416,3389
Z34760,275,264,11
Z34761,14933,13832,1101
Z34762,200,184,16
Z34769,9305,7775,1530
Z34771,5678,4447,1231
Z34772,9905,8318,1587
Z34773,1208,994,214
Z34785,9321,6991,2330
Z34786,12551,11313,1238
Z34787,19690,17507,2183
Z34788,10057,7554,2503
Z34797,619,524,95
Z34945,1908,1684,224
Z34946,2931,2166,765
Z34947,4874,4053,821
Z34949,7784,3818,3966
Z34950,7481,5838,1643
Z34951,8509,6636,1873
Z34952,21288,16844,4444
Z34953,22415,19975,2440
Z34956,2586,2205,381
Z34957,17360,10436,6924
Z34972,7068,5622,1446
Z34974,13652,8817,4835
Z34981,2138,1753,385
Z34982,11578,9968,1610
Z34983,15450,13718,1732
Z34984,5726,4983,743
Z34986,13185,10308,2877
Z34987,3142,2339,803
Z34990,13061,11094,1967
Z34994,9217,7277,1940
Z34996,8616,5352,3264
Z34997,20845,17138,3707
Z35004,4216,4121,95
Z35005,3371,2909,462
Z35006,1492,1168,324
Z35007,9567,8746,821
Z35010,9795,8026,1769
Z35013,26,20,6
Z35014,1863,1529,334
Z35016,7246,6451,795
Z35019,910,741,169
Z35020,12231,9793,2438
Z35022,8702,8049,653
Z35023,9941,8842,1099
Z35031,3555,2826,729
Z35032,20,14,6
Z35033,1631,1349,282
Z35034,1429,1027,402
Z35035,706,414,292
Z35036,128,100,28
Z35040,6475,5927,548
Z35042,2635,2110,525
Z35043,3542,3306,236
Z35044,3635,3174,461
Z35045,6229,5467,762
Z35046,2751,2060,691
Z35049,1602,1487,115
Z35051,3442,3046,396
Z35052,44,44,0
Z35053,2579,1122,1457
Z35054,2138,1717,421
Z35055,8984,8119,865
Z35057,5756,4712,1044
Z35058,4313,3818,495
Z35060,212,170,42
Z35061,575,462,113
Z35062,3334,2820,514
Z35063,1732,1442,290
Z35064,5309,4328,981
Z35068,3709,3357,352
Z35070,143,107,36
Z35071,6690,6270,420
Z35072,2515,1980,535
Z35073,1176,952,224
Z35074,32,32,0
Z35077,5690,4678,1012
Z35078,889,755,134
Z35079,3576,3202,374
Z35080,5930,5681,249
Z35082,13,0,13
Z35083,1432,1355,77
Z35085,3589,3218,371
Z35087,856,741,115
Z35089,1047,730,317
Z35091,1117,976,141
Z35094,6105,5510,595
Z35096,4143,3126,1017
Z35097,725,706,19
Z35098,684,570,114
Z35111,6496,5888,608
Z35112,146,93,53
Z35114,2900,2714,186
Z35115,5838,4944,894
Z35116,1765,1597,168
Z35117,2135,1993,142
Z35118,1356,1226,130
Z35119,73,73,0
Z35120,5522,5172,350
Z35121,6445,5696,749
Z35124,9811,9347,464
Z35125,4292,3715,577
Z35126,8742,7855,887
Z35127,3914,3630,284
Z35128,4994,4254,740
Z35130,1703,1271,432
Z35131,1963,1639,324
Z35133,1436,1229,207
Z35135,806,706,100
Z35136,1227,795,432
Z35139,74,74,0
Z35143,2267,1307,960
Z35146,4333,3965,368
Z35147,2282,2041,241
Z35148,1323,1102,221
Z35149,215,205,10
Z35150,8585,7326,1259
Z35151,3577,2970,607
Z35160,11948,9808,2140
Z35171,1617,1409,208
Z35172,1228,1038,190
Z35173,10126,9623,503
Z35175,2248,1976,272
Z35176,390,390,0
Z35178,1674,1489,185
Z35179,3792,3431,361
Z35180,5888,5241,647
Z35183,371,255,116
Z35184,2551,2032,519
Z35186,2204,1909,295
Z35187,24,9,15
Z35188,1152,1006,146
Z35203,1855,1536,319
Z35204,6240,4657,1583
Z35205,12486,9998,2488
Z35206,8590,6773,1817
Z35207,4328,3383,945
Z35208,7126,5338,1788
Z35209,14504,12154,2350
Z35210,6646,6177,469
Z35211,14706,11248,3458
Z35212,6559,5319,1240
Z35213,5963,5513,450
Z35214,8445,7023,1422
Z35215,21137,18013,3124
Z35216,16437,14773,1664
Z35217,6634,5281,1353
Z35218,3753,3030,723
Z35221,2584,2022,562
Z35222,4595,3927,668
Z35223,4249,4010,239
Z35224,2839,2415,424
Z35226,13836,12998,838
Z35228,4910,3975,935
Z35229,0,0,0
Z35233,891,706,185
Z35234,2726,1890,836
Z35235,8853,7986,867
Z35242,22718,20908,1810
Z35243,8454,7744,710
Z35244,13527,12930,597
Z35254,189,167,22
Z35401,17235,10536,6699
Z35404,10279,7251,3028
Z35405,19014,15937,3077
Z35406,7057,6103,954
Z35441,784,430,354
Z35442,2463,1882,581
Z35443,1175,666,509
Z35444,1582,1381,201
Z35446,890,709,181
Z35447,1615,1263,352
Z35452,1345,1277,68
Z35453,4642,4060,582
Z35456,1394,1118,276
Z35457,25,25,0
Z35458,260,205,55
Z35459,545,357,188
Z35460,331,155,176
Z35461,1048,776,272
Z35462,2625,1783,842
Z35463,678,550,128
Z35464,263,189,74
Z35466,2555,2137,418
Z35469,86,61,25
Z35470,2469,1710,759
Z35473,6666,5934,732
Z35474,2736,2323,413
Z35475,6260,5333,927
Z35476,3092,2783,309
Z35477,223,84,139
Z35480,485,422,63
Z35481,1863,1540,323
Z35490,1447,1308,139
Z35501,4642,3914,728
Z35503,3871,3344,527
Z35504,6116,5113,1003
Z35540,1112,962,150
Z35541,2556,1252,1304
Z35542,617,530,87
Z35543,710,662,48
Z35544,391,272,119
Z35545,52,37,15
Z35546,1630,1469,161
Z35548,904,760,144
Z35549,1989,1698,291
Z35550,2602,2169,433
Z35552,413,374,39
Z35553,2350,1705,645
Z35554,510,429,81
Z35555,4887,4028,859
Z35559,15,12,3
Z35563,2284,1986,298
Z35564,1013,893,120
Z35565,6281,5185,1096
Z35570,5266,4480,786
Z35571,499,457,42
Z35572,752,363,389
Z35574,755,629,126
Z35575,481,404,77
Z35576,1535,1351,184
Z35577,47,13,34
Z35578,2559,2273,286
Z35579,1551,1234,317
Z35580,1815,1518,297
Z35581,2259,1988,271
Z35582,2051,1719,332
Z35584,225,186,39
Z35585,709,543,166
Z35586,2207,1837,370
Z35587,580,492,88
Z35592,2470,2070,400
Z35593,1070,922,148
Z35594,3827,3161,666
Z35601,14695,13057,1638
Z35603,13608,12522,1086
Z35610,867,818,49
Z35611,11962,10541,1421
Z35613,7596,7045,551
Z35614,3368,3054,314
Z35615,134,50,84
Z35616,2305,1727,578
Z35618,1118,879,239
Z35619,2152,1815,337
Z35620,3390,3211,179
Z35621,1198,1137,61
Z35622,3426,2906,520
Z35630,17157,14727,2430
Z35633,9376,8591,785
Z35634,4345,3872,473
Z35640,10039,9228,811
Z35643,1384,1201,183
Z35645,6051,5452,599
Z35646,2238,1715,523
Z35647,467,420,47
Z35648,1364,1206,158
Z35649,49,49,0
Z35650,6167,5695,472
Z35651,634,591,43
Z35652,4321,3576,745
Z35653,4677,4035,642
Z35654,3714,3039,675
Z35660,4740,3961,779
Z35661,7619,6994,625
Z35670,3376,2979,397
Z35671,961,866,95
Z35672,2872,2585,287
Z35673,3046,2782,264
Z35674,8400,7270,1130
Z35677,936,597,339
Z35739,2373,2141,232
Z35740,1667,1338,329
Z35741,1369,1207,162
Z35744,1199,951,248
Z35745,111,84,27
Z35746,347,248,99
Z35747,2546,2100,446
Z35748,2721,2469,252
Z35749,8119,7414,705
Z35750,5144,4740,404
Z35751,120,93,27
Z35752,1183,966,217
Z35754,2338,1816,522
Z35755,437,236,201
Z35756,4386,4286,100
Z35757,5527,5102,425
Z35758,18554,17126,1428
Z35759,2905,2694,211
Z35760,2205,1860,345
Z35761,4863,4345,518
Z35763,6046,5757,289
Z35764,322,271,51
Z35765,1815,1384,431
Z35766,107,71,36
Z35768,5546,4638,908
Z35769,4928,4025,903
Z35771,1576,1359,217
Z35772,2273,1794,479
Z35773,4897,4407,490
Z35774,80,42,38
Z35775,367,307,60
Z35776,1543,1326,217
Z35801,10996,9758,1238
Z35802,11297,9994,1303
Z35803,11850,11155,695
Z35805,10957,9221,1736
Z35806,9869,8966,903
Z35808,349,300,49
Z35810,12782,11468,1314
Z35811,11404,10387,1017
Z35816,7985,6639,1346
Z35824,3334,3128,206
Z35896,0,0,0
Z35901,9262,7409,1853
Z35903,8717,7249,1468
Z35904,6554,5490,1064
Z35905,2869,2605,264
Z35906,4461,4103,358
Z35907,3403,3105,298
Z35950,8138,7102,1036
Z35951,5204,4462,742
Z35952,3193,2684,509
Z35953,3083,2575,508
Z35954,5853,4607,1246
Z35956,3506,3037,469
Z35957,6396,5429,967
Z35958,1523,1178,345
Z35959,3401,2098,1303
Z35960,6275,4384,1891
Z35961,2991,2392,599
Z35962,3425,2899,526
Z35963,828,667,161
Z35966,1665,1510,155
Z35967,7582,6202,1380
Z35968,1622,1387,235
Z35971,2239,1884,355
Z35972,473,413,60
Z35973,1728,1463,265
Z35974,628,466,162
Z35975,328,275,53
Z35976,8326,6678,1648
Z35978,2468,2137,331
Z35979,718,602,116
Z35980,2091,1730,361
Z35981,798,731,67
Z35983,2551,1643,908
Z35984,1563,827,736
Z35986,3373,2746,627
Z35987,1201,1015,186
Z35988,763,692,71
Z35989,1587,1181,406
Z35990,35,35,0
Z36003,860,749,111
Z36005,885,624,261
Z36006,601,512,89
Z36009,1253,1028,225
Z36010,2503,1971,532
Z36013,211,211,0
Z36016,1896,1469,427
Z36017,899,591,308
Z36020,449,390,59
Z36022,4589,4234,355
Z36024,3053,2107,946
Z36025,1386,1342,44
Z36026,895,386,509
Z36027,7763,6154,1609
Z36028,1105,791,314
Z36029,449,349,100
Z36030,255,159,96
Z36031,69,69,0
Z36032,1075,849,226
Z36033,2242,1747,495
Z36034,417,294,123
Z36035,878,712,166
Z36036,1042,798,244
Z36037,6555,5441,1114
Z36038,25,25,0
Z36039,72,64,8
Z36040,1656,1438,218
Z36041,573,470,103
Z36042,803,546,257
Z36043,1574,1391,183
Z36046,712,617,95
Z36047,633,487,146
Z36048,715,541,174
Z36049,2684,2204,480
Z36051,1014,721,293
Z36052,290,207,83
Z36053,1011,792,219
Z36054,6644,5889,755
Z36064,3597,3337,260
Z36066,8088,7418,670
Z36067,11094,9976,1118
Z36069,1101,976,125
Z36071,317,255,62
Z36075,953,826,127
Z36078,5900,4860,1040
Z36079,4557,3839,718
Z36080,1131,899,232
Z36081,7712,6349,1363
Z36082,0,0,0
Z36083,4961,3879,1082
Z36088,1974,1322,652
Z36089,3016,2638,378
Z36091,1857,1427,430
Z36092,8078,7255,823
Z36093,4040,3896,144
Z36104,3987,2977,1010
Z36105,5278,4199,1079
Z36106,7146,6490,656
Z36107,4352,3265,1087
Z36108,9385,7788,1597
Z36109,11103,9992,1111
Z36110,5546,4584,962
Z36111,5664,4964,700
Z36112,0,0,0
Z36113,256,244,12
Z36115,248,236,12
Z36116,19434,16824,2610
Z36117,23153,21297,1856
Z36201,9764,7462,2302
Z36203,7560,6744,816
Z36205,247,212,35
Z36206,5056,4551,505
Z36207,9760,8645,1115
Z36250,1903,1775,128
Z36251,2407,2111,296
Z36255,464,334,130
Z36256,851,716,135
Z36258,875,555,320
Z36260,1773,1564,209
Z36262,632,531,101
Z36263,260,260,0
Z36264,3841,3268,573
Z36265,8687,7438,1249
Z36266,2700,2176,524
Z36267,30,30,0
Z36268,2398,2219,179
Z36269,511,464,47
Z36271,2578,2136,442
Z36272,6490,5034,1456
Z36273,1522,1320,202
Z36274,5374,4564,810
Z36276,1145,967,178
Z36277,2455,1975,480
Z36278,2899,1693,1206
Z36279,1164,1058,106
Z36280,1993,1441,552
Z36301,16175,13824,2351
Z36303,13897,11774,2123
Z36305,6581,5981,600
Z36310,4055,2672,1383
Z36311,1322,1002,320
Z36312,2989,2459,530
Z36313,96,85,11
Z36314,253,236,17
Z36316,801,665,136
Z36317,223,136,87
Z36318,755,617,138
Z36319,1040,796,244
Z36320,1845,1466,379
Z36321,693,602,91
Z36322,4390,3393,997
Z36323,3662,3050,612
Z36330,15969,13452,2517
Z36340,2396,2244,152
Z36343,796,605,191
Z36344,2876,2303,573
Z36345,3654,3325,329
Z36346,615,523,92
Z36350,2695,2349,346
Z36351,1584,1407,177
Z36352,2259,2006,253
Z36353,1038,780,258
Z36360,9477,8067,1410
Z36362,1524,1230,294
Z36370,400,354,46
Z36371,277,216,61
Z36373,318,232,86
Z36374,417,389,28
Z36375,3220,2780,440
Z36376,983,765,218
Z36401,4467,3179,1288
Z36420,5345,4306,1039
Z36421,4613,3658,955
Z36425,670,417,253
Z36426,7497,6012,1485
Z36432,1321,1061,260
Z36435,240,122,118
Z36436,356,264,92
Z36439,280,258,22
Z36441,1649,1395,254
Z36442,1891,1384,507
Z36444,563,367,196
Z36445,2281,1787,494
Z36446,216,137,79
Z36451,2316,1861,455
Z36453,1142,949,193
Z36454,19,15,4
Z36455,213,162,51
Z36456,792,624,168
Z36460,4772,3897,875
Z36467,4576,3776,800
Z36470,72,54,18
Z36471,653,420,233
Z36473,46,38,8
Z36474,1550,1239,311
Z36475,1024,834,190
Z36476,37,28,9
Z36477,2439,1907,532
Z36480,1123,666,457
Z36481,292,106,186
Z36482,617,339,278
Z36483,188,160,28
Z36502,7281,6268,1013
Z36505,629,549,80
Z36507,8184,6961,1223
Z36509,758,616,142
Z36511,363,330,33
Z36512,50,0,50
Z36513,199,153,46
Z36518,1228,920,308
Z36521,1956,1699,257
Z36522,2921,2372,549
Z36523,1167,866,301
Z36524,923,465,458
Z36525,774,678,96
Z36526,12734,11523,1211
Z36527,5720,5207,513
Z36528,1933,544,1389
Z36529,135,92,43
Z36530,3443,2597,846
Z36532,13874,11612,2262
Z36535,14220,11448,2772
Z36538,364,172,192
Z36539,393,331,62
Z36540,299,272,27
Z36541,6023,5172,851
Z36542,15528,5849,9679
Z36543,43,43,0
Z36544,4499,4022,477
Z36545,4598,3546,1052
Z36548,537,431,106
Z36549,2849,2122,727
Z36550,201,116,85
Z36551,3095,2830,265
Z36553,1675,1279,396
Z36555,484,301,183
Z36556,300,82,218
Z36558,1849,1455,394
Z36559,48,48,0
Z36560,1487,1237,250
Z36561,12741,2672,10069
Z36562,611,485,126
Z36564,86,9,77
Z36567,5472,4793,679
Z36568,27,27,0
Z36569,391,355,36
Z36571,6117,5479,638
Z36572,2548,2399,149
Z36574,706,368,338
Z36575,7342,6617,725
Z36576,1700,1573,127
Z36578,602,465,137
Z36579,1103,482,621
Z36580,2549,2204,345
Z36581,90,62,28
Z36582,10129,9184,945
Z36583,297,229,68
Z36584,461,311,150
Z36585,426,314,112
Z36587,4461,3765,696
Z36590,0,0,0
Z36602,696,515,181
Z36603,3760,2782,978
Z36604,5234,4208,1026
Z36605,12819,10229,2590
Z36606,9369,7836,1533
Z36607,3436,2735,701
Z36608,16375,14496,1879
Z36609,12897,11028,1869
Z36610,5876,4259,1617
Z36611,2613,2208,405
Z36612,2039,1620,419
Z36613,5173,4449,724
Z36615,0,0,0
Z36616,0,0,0
Z36617,6379,5160,1219
Z36618,6944,6153,791
Z36619,6274,5740,534
Z36688,0,0,0
Z36693,8372,7555,817
Z36695,20057,18112,1945
Z36701,11069,8876,2193
Z36703,6027,5137,890
Z36720,392,290,102
Z36722,222,131,91
Z36723,117,26,91
Z36726,2528,1943,585
Z36727,46,32,14
Z36728,221,166,55
Z36732,4053,3430,623
Z36736,574,428,146
Z36738,509,453,56
Z36740,866,546,320
Z36742,942,718,224
Z36744,3356,2665,691
Z36748,1661,1405,256
Z36749,421,293,128
Z36750,1217,1047,170
Z36751,352,225,127
Z36752,895,691,204
Z36753,45,27,18
Z36754,250,198,52
Z36756,2471,1779,692
Z36758,796,682,114
Z36759,971,721,250
Z36761,546,425,121
Z36763,116,107,9
Z36765,635,510,125
Z36766,41,10,31
Z36767,1002,756,246
Z36768,693,348,345
Z36769,1230,856,374
Z36773,220,165,55
Z36775,477,350,127
Z36776,724,550,174
Z36782,1388,1058,330
Z36783,446,261,185
Z36784,3569,2973,596
Z36785,636,598,38
Z36786,1633,1261,372
Z36790,39,39,0
Z36792,469,422,47
Z36793,325,244,81
Z36801,11038,9658,1380
Z36804,6921,6299,622
Z36830,16306,14326,1980
Z36832,11979,10110,1869
Z36849,0,0,0
Z36850,1420,1068,352
Z36852,1066,960,106
Z36853,6039,3357,2682
Z36854,7334,5696,1638
Z36855,828,567,261
Z36856,2346,2035,311
Z36858,261,158,103
Z36859,22,22,0
Z36860,897,636,261
Z36861,2026,1336,690
Z36862,3162,2660,502
Z36863,5842,4915,927
Z36865,30,20,10
Z36866,1913,1628,285
Z36867,10907,9457,1450
Z36869,9239,7823,1416
Z36870,7518,6694,824
Z36871,512,459,53
Z36874,3541,3220,321
Z36875,2136,1699,437
Z36877,5272,4869,403
Z36879,922,759,163
Z36901,274,222,52
Z36904,2129,1788,341
Z36907,975,838,137
Z36908,1154,897,257
Z36910,78,30,48
Z36912,1164,817,347
Z36913,51,51,0
Z36915,295,240,55
Z36916,473,283,190
Z36919,997,737,260
Z36921,533,451,82
Z36922,311,180,131
Z36925,1557,1220,337
Z37010,1977,1885,92
Z37012,1087,958,129
Z37013,35086,33117,1969
Z37014,910,815,95
Z37015,7358,6734,624
Z37016,463,462,1
Z37018,1231,876,355
Z37019,346,228,118
Z37020,2099,1810,289
Z37022,2336,2063,273
Z37023,785,612,173
Z37025,2090,1862,228
Z37026,935,887,48
Z37027,19120,18642,478
Z37028,453,327,126
Z37029,2282,1943,339
Z37030,3113,2769,344
Z37031,1682,1521,161
Z37032,1787,1618,169
Z37033,3468,2928,540
Z37034,2836,2488,348
Z37035,1388,1227,161
Z37036,2367,2027,340
Z37037,2466,2259,207
Z37040,19891,17002,2889
Z37042,29693,26195,3498
Z37043,18173,16244,1929
Z37046,1684,1525,159
Z37047,1040,953,87
Z37048,2468,2253,215
Z37049,1448,1308,140
Z37050,818,682,136
Z37051,1625,1415,210
Z37052,1146,1062,84
Z37055,11576,10248,1328
Z37057,451,359,92
Z37058,3853,2867,986
Z37059,554,438,116
Z37060,937,851,86
Z37061,2253,1926,327
Z37062,4212,4040,172
Z37064,20185,19527,658
Z37066,17944,16693,1251
Z37067,10734,10084,650
Z37069,7006,6793,213
Z37072,13652,12458,1194
Z37073,5460,5158,302
Z37074,3131,2657,474
Z37075,25135,23756,1379
Z37076,17274,15720,1554
Z37078,362,272,90
Z37079,939,773,166
Z37080,3151,2895,256
Z37082,2395,2365,30
Z37083,6090,5638,452
Z37085,1717,1633,84
Z37086,11170,10342,828
Z37087,17310,15715,1595
Z37090,5567,5011,556
Z37091,9146,8440,706
Z37095,832,650,182
Z37096,3220,2241,979
Z37097,1225,939,286
Z37098,2463,2135,328
Z37101,2906,2467,439
Z37110,14841,12977,1864
Z37115,18222,16025,2197
Z37118,434,397,37
Z37122,19494,18587,907
Z37127,6470,6084,386
Z37128,17040,16129,911
Z37129,19788,19045,743
Z37130,23192,21191,2001
Z37132,0,0,0
Z37134,1377,1130,247
Z37135,3641,3516,125
Z37137,1536,1383,153
Z37138,9341,8933,408
Z37140,42,35,7
Z37141,497,457,40
Z37142,728,641,87
Z37143,1477,1378,99
Z37144,1495,1257,238
Z37145,1030,783,247
Z37146,2584,2391,193
Z37148,9053,8139,914
Z37149,945,804,141
Z37150,2468,1969,499
Z37151,267,222,45
Z37153,2137,1961,176
Z37160,13659,12303,1356
Z37165,31,27,4
Z37166,6517,5012,1505
Z37167,20557,19398,1159
Z37171,254,254,0
Z37172,11082,10212,870
Z37174,11274,10801,473
Z37175,897,386,511
Z37178,990,887,103
Z37179,3902,3721,181
Z37180,1211,1211,0
Z37181,647,515,132
Z37183,1425,1110,315
Z37184,2653,2212,441
Z37185,4366,3343,1023
Z37186,3871,3179,692
Z37187,2983,2680,303
Z37188,5275,5147,128
Z37189,1411,1258,153
Z37190,4007,3484,523
Z37191,1670,1387,283
Z37201,964,681,283
Z37203,7204,5777,1427
Z37204,5953,5531,422
Z37205,11919,10875,1044
Z37206,12110,10849,1261
Z37207,15225,13591,1634
Z37208,7744,6747,997
Z37209,16222,14132,2090
Z37210,7329,6536,793
Z37211,32431,29828,2603
Z37212,7362,6583,779
Z37213,0,0,0
Z37214,14194,13227,967
Z37215,10443,9708,735
Z37216,8600,7834,766
Z37217,13575,12273,1302
Z37218,5937,5290,647
Z37219,1198,856,342
Z37220,2478,2316,162
Z37221,17493,16446,1047
Z37228,635,635,0
Z37240,0,0,0
Z37243,0,0,0
Z37246,0,0,0
Z37301,666,517,149
Z37302,1609,1548,61
Z37303,11512,9850,1662
Z37305,501,346,155
Z37306,1275,997,278
Z37307,2331,2084,247
Z37308,1145,990,155
Z37309,925,826,99
Z37310,1954,1836,118
Z37311,11531,10168,1363
Z37312,13724,12632,1092
Z37313,611,493,118
Z37315,44,44,0
Z37317,1388,1078,310
Z37318,853,776,77
Z37321,7903,7157,746
Z37322,3384,2960,424
Z37323,12742,11747,995
Z37324,2495,2109,386
Z37325,747,606,141
Z37326,209,146,63
Z37327,5241,4649,592
Z37328,524,477,47
Z37329,2579,2240,339
Z37330,3290,3003,287
Z37331,3695,3103,592
Z37332,1087,972,115
Z37333,252,235,17
Z37334,10189,9186,1003
Z37335,1073,1004,69
Z37336,1781,1669,112
Z37337,705,570,135
Z37338,1677,1401,276
Z37339,936,800,136
Z37340,323,289,34
Z37341,5333,4780,553
Z37342,1373,1231,142
Z37343,17453,16556,897
Z37345,1027,942,85
Z37347,3365,3095,270
Z37348,681,528,153
Z37350,831,744,87
Z37351,165,122,43
Z37352,1454,1194,260
Z37353,1905,1732,173
Z37354,7433,6410,1023
Z37355,10556,9757,799
Z37356,1430,956,474
Z37357,2251,2073,178
Z37359,361,270,91
Z37360,734,676,58
Z37361,737,505,232
Z37362,1428,1178,250
Z37363,14265,12988,1277
Z37365,585,523,62
Z37366,382,338,44
Z37367,4475,3528,947
Z37369,553,376,177
Z37370,1898,1699,199
Z37373,1379,1170,209
Z37374,914,769,145
Z37375,1336,1173,163
Z37376,175,148,27
Z37377,6501,5935,566
Z37379,11637,10334,1303
Z37380,2947,2688,259
Z37381,4676,3743,933
Z37385,4316,3212,1104
Z37387,1531,1344,187
Z37388,11710,10653,1057
Z37391,801,653,148
Z37394,29,26,3
Z37396,129,85,44
Z37397,4439,3886,553
Z37398,7145,5818,1327
Z37402,2442,2002,440
Z37403,1527,1243,284
Z37404,5834,4668,1166
Z37405,8134,6945,1189
Z37406,6822,5573,1249
Z37407,3830,3121,709
Z37408,788,707,81
Z37409,1423,1069,354
Z37410,1904,1573,331
Z37411,8568,7537,1031
Z37412,10083,8973,1110
Z37415,12160,10658,1502
Z37416,6695,6290,405
Z37419,3015,2578,437
Z37421,21230,18961,2269
Z37601,17699,15596,2103
Z37604,17639,15904,1735
Z37614,0,0,0
Z37615,9584,8721,863
Z37616,2210,2028,182
Z37617,5879,5452,427
Z37618,6074,5481,593
Z37620,18168,15946,2222
Z37640,2492,1506,986
Z37641,4230,3650,580
Z37642,6884,5991,893
Z37643,16063,14357,1706
Z37645,2173,2020,153
Z37650,5698,5004,694
Z37656,1947,1762,185
Z37657,664,477,187
Z37658,2236,1933,303
Z37659,12456,11566,890
Z37660,19688,17617,2071
Z37663,6543,6273,270
Z37664,12647,11395,1252
Z37665,3056,2591,465
Z37680,299,256,43
Z37681,2904,2397,507
Z37682,30,7,23
Z37683,5878,4944,934
Z37686,3708,3324,384
Z37687,2603,1848,755
Z37688,570,405,165
Z37690,1625,1482,143
Z37691,455,322,133
Z37692,2411,1914,497
Z37694,882,743,139
Z37701,3475,3074,401
Z37705,2102,1711,391
Z37708,3455,2722,733
Z37709,1608,1414,194
Z37710,426,369,57
Z37711,2370,1859,511
Z37713,664,528,136
Z37714,2300,1790,510
Z37715,382,271,111
Z37716,11265,10178,1087
Z37719,115,62,53
Z37721,5323,4701,622
Z37722,3495,2380,1115
Z37723,490,410,80
Z37724,1342,1153,189
Z37725,8344,6432,1912
Z37726,1069,760,309
Z37727,1322,1000,322
Z37729,718,511,207
Z37730,32,32,0
Z37731,459,306,153
Z37732,101,101,0
Z37733,43,34,9
Z37737,2658,2365,293
Z37738,8525,2598,5927
Z37742,2539,2257,282
Z37743,12082,10703,1379
Z37745,8349,7091,1258
Z37748,8525,7083,1442
Z37752,2681,2286,395
Z37753,399,287,112
Z37754,2141,1840,301
Z37755,1508,1283,225
Z37756,1256,1123,133
Z37757,4291,3664,627
Z37760,5563,5022,541
Z37762,1370,1226,144
Z37763,7425,6393,1032
Z37764,3994,3389,605
Z37765,281,193,88
Z37766,9971,7550,2421
Z37769,2477,2185,292
Z37770,1213,974,239
Z37771,6213,5877,336
Z37772,5245,4701,544
Z37774,8819,7849,970
Z37777,5644,4940,704
Z37779,1725,1484,241
Z37801,10938,10206,732
Z37803,13626,12126,1500
Z37804,10009,9005,1004
Z37806,1241,1071,170
Z37807,4519,3750,769
Z37809,1007,842,165
Z37810,1045,776,269
Z37811,1773,1367,406
Z37813,7489,6777,712
Z37814,14197,12743,1454
Z37818,2271,2087,184
Z37819,371,295,76
Z37820,3259,2809,450
Z37821,10506,9401,1105
Z37825,4467,3800,667
Z37826,2096,1793,303
Z37828,827,772,55
Z37829,746,687,59
Z37830,14547,12706,1841
Z37840,4399,3893,506
Z37841,4411,3616,795
Z37843,1674,1490,184
Z37845,255,230,25
Z37846,2003,1877,126
Z37847,1149,926,223
Z37848,135,100,35
Z37849,10505,9558,947
Z37851,24,24,0
Z37852,1134,954,180
Z37853,1699,1573,126
Z37854,6567,5561,1006
Z37857,9788,8350,1438
Z37860,1724,1602,122
Z37861,4018,3355,663
Z37862,13062,8642,4420
Z37863,5684,2615,3069
Z37865,8826,8445,381
Z37866,949,688,261
Z37869,2654,2084,570
Z37870,2391,1971,420
Z37871,3633,3289,344
Z37872,840,617,223
Z37873,2053,1906,147
Z37874,6082,5226,856
Z37876,17168,11898,5270
Z37877,3835,3461,374
Z37878,522,275,247
Z37879,4848,3989,859
Z37880,2161,1470,691
Z37881,1078,837,241
Z37882,2389,1256,1133
Z37885,2865,2177,688
Z37886,2257,1929,328
Z37887,2214,1890,324
Z37888,1264,1077,187
Z37890,3031,2627,404
Z37891,1549,1536,13
Z37892,943,814,129
Z37902,1364,1219,145
Z37909,7582,6856,726
Z37912,10925,10432,493
Z37914,9626,8139,1487
Z37915,3413,3296,117
Z37916,3136,2718,418
Z37917,13195,12122,1073
Z37918,19142,17398,1744
Z37919,14382,12896,1486
Z37920,19115,17070,2045
Z37921,12669,11967,702
Z37922,13196,12124,1072
Z37923,13631,12295,1336
Z37924,5324,4790,534
Z37931,11828,10767,1061
Z37932,6661,6031,630
Z37934,9369,8971,398
Z37938,6869,6496,373
Z38001,1973,1666,307
Z38002,13350,12802,548
Z38004,3724,3615,109
Z38006,2205,1832,373
Z38007,22,22,0
Z38008,3983,3256,727
Z38011,3642,3483,159
Z38012,6485,5535,950
Z38015,1085,994,91
Z38016,19467,17996,1471
Z38017,18016,17295,721
Z38018,14780,13633,1147
Z38019,6682,5943,739
Z38021,68,68,0
Z38023,2294,2101,193
Z38024,12284,11028,1256
Z38028,2465,2402,63
Z38029,0,0,0
Z38030,319,238,81
Z38034,1327,1169,158
Z38036,220,200,20
Z38037,843,686,157
Z38039,773,649,124
Z38040,2298,1960,338
Z38041,1332,1017,315
Z38042,399,383,16
Z38044,444,319,125
Z38046,30,26,4
Z38047,48,18,30
Z38049,1802,1611,191
Z38050,244,199,45
Z38052,1821,1438,383
Z38053,11360,10366,994
Z38054,23,23,0
Z38057,1555,1408,147
Z38058,3527,3281,246
Z38059,3205,2858,347
Z38060,4214,3939,275
Z38061,431,289,142
Z38063,7574,6737,837
Z38066,1191,1099,92
Z38067,833,545,288
Z38068,4438,3941,497
Z38069,1078,908,170
Z38070,164,142,22
Z38075,1586,1353,233
Z38076,313,313,0
Z38077,23,23,0
Z38079,1537,1158,379
Z38080,1221,1090,131
Z38103,7695,6740,955
Z38104,14683,12631,2052
Z38105,3717,3083,634
Z38106,12364,9606,2758
Z38107,8730,6817,1913
Z38108,8529,6440,2089
Z38109,19483,16263,3220
Z38111,19992,16971,3021
Z38112,7875,6349,1526
Z38114,13418,9746,3672
Z38115,19141,16722,2419
Z38116,18935,14131,4804
Z38117,12440,11587,853
Z38118,17258,13338,3920
Z38119,10751,9856,895
Z38120,6864,6204,660
Z38122,11325,9534,1791
Z38125,14584,13621,963
Z38126,2712,1983,729
Z38127,18234,14827,3407
Z38128,18847,15502,3345
Z38131,0,0,0
Z38132,0,0,0
Z38133,7720,7324,396
Z38134,16229,14660,1569
Z38135,10938,10333,605
Z38138,10376,9549,827
Z38139,5617,5388,229
Z38141,8166,7628,538
Z38152,0,0,0
Z38201,4556,3916,640
Z38220,852,782,70
Z38221,1945,1376,569
Z38222,1819,1370,449
Z38224,458,366,92
Z38225,2859,2627,232
Z38226,112,100,12
Z38229,1410,1221,189
Z38230,1694,1566,128
Z38231,797,731,66
Z38232,1031,772,259
Z38233,1246,1071,175
Z38235,206,112,94
Z38236,314,264,50
Z38237,7108,6192,916
Z38240,1133,1014,119
Z38241,483,370,113
Z38242,9319,8188,1131
Z38251,1193,1042,151
Z38253,488,421,67
Z38254,30,26,4
Z38255,1098,964,134
Z38256,2872,1312,1560
Z38257,2137,1884,253
Z38258,811,616,195
Z38259,372,316,56
Z38260,1481,1359,122
Z38261,7711,6678,1033
Z38301,15879,13096,2783
Z38305,21449,19193,2256
Z38310,2708,2298,410
Z38311,563,432,131
Z38313,1124,1041,83
Z38315,1631,1365,266
Z38316,1426,1350,76
Z38317,1309,1028,281
Z38318,214,195,19
Z38320,5582,4417,1165
Z38321,1040,848,192
Z38326,2374,1117,1257
Z38327,248,180,68
Z38328,267,216,51
Z38329,1896,1353,543
Z38330,1884,1739,145
Z38332,670,545,125
Z38333,282,197,85
Z38334,904,657,247
Z38337,601,479,122
Z38339,283,242,41
Z38340,5205,4540,665
Z38341,1322,950,372
Z38342,688,573,115
Z38343,7316,6180,1136
Z38344,3786,3261,525
Z38345,1010,958,52
Z38347,140,140,0
Z38348,569,509,60
Z38351,8180,6900,1280
Z38352,190,172,18
Z38355,2417,2145,272
Z38356,1167,1063,104
Z38357,1268,1052,216
Z38358,5198,4432,766
Z38359,163,127,36
Z38361,523,384,139
Z38362,406,406,0
Z38363,3147,2380,767
Z38365,13,13,0
Z38366,1023,803,220
Z38367,1282,1089,193
Z38368,838,687,151
Z38369,878,721,157
Z38370,617,315,302
Z38371,646,452,194
Z38372,8534,6434,2100
Z38374,1038,891,147
Z38375,4290,3511,779
Z38376,116,105,11
Z38379,598,545,53
Z38380,600,256,344
Z38381,802,595,207
Z38382,4373,3909,464
Z38387,174,140,34
Z38388,1004,816,188
Z38390,370,351,19
Z38391,472,407,65
Z38392,351,270,81
Z38401,23033,21064,1969
Z38425,1108,646,462
Z38449,1220,1033,187
Z38450,1270,1014,256
Z38451,1995,1822,173
Z38452,641,514,127
Z38453,216,152,64
Z38454,602,506,96
Z38455,79,56,23
Z38456,1728,1508,220
Z38457,383,282,101
Z38459,235,222,13
Z38460,585,523,62
Z38461,680,496,184
Z38462,4478,3896,582
Z38463,1266,1093,173
Z38464,9978,8849,1129
Z38468,2170,1865,305
Z38469,1836,1659,177
Z38471,221,182,39
Z38472,1306,1072,234
Z38473,551,468,83
Z38474,3772,3192,580
Z38475,245,211,34
Z38476,656,520,136
Z38477,1353,1132,221
Z38478,8261,6720,1541
Z38481,468,406,62
Z38482,706,660,46
Z38483,2409,2185,224
Z38485,3048,2702,346
Z38486,428,365,63
Z38487,549,387,162
Z38488,1037,934,103
Z38501,17994,16450,1544
Z38504,478,433,45
Z38505,0,0,0
Z38506,11486,10762,724
Z38541,742,593,149
Z38542,26,0,26
Z38543,282,236,46
Z38544,3074,2580,494
Z38545,556,472,84
Z38547,695,651,44
Z38548,290,239,51
Z38549,2498,1685,813
Z38551,2102,1633,469
Z38552,121,108,13
Z38553,1115,973,142
Z38554,613,517,96
Z38555,9030,7897,1133
Z38556,6106,4904,1202
Z38558,4972,4195,777
Z38559,629,493,136
Z38560,745,497,248
Z38562,3393,2607,786
Z38563,1207,1129,78
Z38564,343,164,179
Z38565,618,560,58
Z38567,320,301,19
Z38568,1335,894,441
Z38569,306,147,159
Z38570,4309,3866,443
Z38571,6035,5217,818
Z38572,5659,4546,1113
Z38573,1162,932,230
Z38574,3731,3239,492
Z38575,542,482,60
Z38577,601,403,198
Z38578,113,71,42
Z38579,471,373,98
Z38580,672,596,76
Z38581,1742,1508,234
Z38582,806,648,158
Z38583,10697,8940,1757
Z38585,1697,1370,327
Z38587,771,568,203
Z38588,572,389,183
Z38589,135,106,29
Z38601,1151,893,258
Z38603,1721,1222,499
Z38606,6522,5397,1125
Z38610,1438,1290,148
Z38611,7198,6289,909
Z38614,8122,7144,978
Z38617,332,278,54
Z38618,4667,4107,560
Z38619,2661,2000,661
Z38620,1397,1363,34
Z38621,746,596,150
Z38622,327,246,81
Z38623,141,141,0
Z38625,365,351,14
Z38626,706,650,56
Z38627,493,374,119
Z38629,725,627,98
Z38630,141,135,6
Z38631,469,388,81
Z38632,9729,9396,333
Z38633,1058,871,187
Z38635,6222,5427,795
Z38637,10187,9467,720
Z38639,488,440,48
Z38641,829,801,28
Z38642,995,725,270
Z38643,1083,913,170
Z38644,112,92,20
Z38645,646,534,112
Z38646,1436,1212,224
Z38647,538,332,206
Z38650,1602,1384,218
Z38651,2809,2775,34
Z38652,7096,6269,827
Z38654,17896,17177,719
Z38655,20322,15032,5290
Z38658,1047,852,195
Z38659,927,771,156
Z38661,844,777,67
Z38663,5428,4636,792
Z38664,1807,1196,611
Z38665,957,867,90
Z38666,3014,2322,692
Z38668,5612,5184,428
Z38670,440,356,84
Z38671,14210,13269,941
Z38672,4480,4167,313
Z38673,241,198,43
Z38674,443,331,112
Z38676,2504,2304,200
Z38677,98,58,40
Z38680,2402,2219,183
Z38683,2645,2264,381
Z38685,455,435,20
Z38701,10421,8784,1637
Z38702,15,0,15
Z38703,5651,4743,908
Z38704,4,4,0
Z38720,365,285,80
Z38721,462,376,86
Z38722,200,146,54
Z38723,16,16,0
Z38725,424,296,128
Z38726,223,179,44
Z38730,791,674,117
Z38731,105,81,24
Z38732,7524,6834,690
Z38736,186,163,23
Z38737,1268,1036,232
Z38738,86,86,0
Z38740,154,115,39
Z38744,473,349,124
Z38745,62,62,0
Z38746,242,175,67
Z38748,1727,1486,241
Z38749,14,14,0
Z38751,4539,4046,493
Z38753,561,487,74
Z38754,706,552,154
Z38756,2866,2390,476
Z38759,447,378,69
Z38760,419,349,70
Z38761,878,760,118
Z38762,1012,874,138
Z38764,146,129,17
Z38765,19,19,0
Z38767,12,12,0
Z38768,39,39,0
Z38769,817,744,73
Z38771,1167,971,196
Z38772,68,43,25
Z38773,1383,1219,164
Z38774,1040,837,203
Z38778,610,531,79
Z38781,115,106,9
Z38801,12483,11098,1385
Z38804,7624,6656,968
Z38821,5360,4721,639
Z38824,3861,3266,595
Z38826,2235,2086,149
Z38827,1272,1119,153
Z38828,1724,1566,158
Z38829,7538,6761,777
Z38833,1358,1107,251
Z38834,13456,11564,1892
Z38838,644,512,132
Z38841,1379,1129,250
Z38843,4989,4322,667
Z38844,89,87,2
Z38846,1048,923,125
Z38847,1468,1226,242
Z38848,356,291,65
Z38849,2466,2221,245
Z38850,1279,1128,151
Z38851,3474,3059,415
Z38852,5379,3573,1806
Z38855,2097,1810,287
Z38856,858,801,57
Z38857,1367,1284,83
Z38858,3266,2793,473
Z38859,366,298,68
Z38860,2512,2046,466
Z38862,1125,878,247
Z38863,8266,6972,1294
Z38864,786,611,175
Z38865,2038,1852,186
Z38866,5244,4906,338
Z38868,2395,2053,342
Z38869,179,143,36
Z38870,1434,1078,356
Z38871,727,647,80
Z38873,1340,1166,174
Z38876,644,542,102
Z38878,1281,1169,112
Z38879,451,383,68
Z38901,8499,6245,2254
Z38913,157,121,36
Z38914,276,231,45
Z38915,1936,1594,342
Z38916,2477,2169,308
Z38917,1599,1279,320
Z38920,330,211,119
Z38921,1577,1215,362
Z38922,2061,1424,637
Z38923,647,506,141
Z38924,455,307,148
Z38925,1210,1023,187
Z38927,405,337,68
Z38928,85,37,48
Z38929,679,469,210
Z38930,10437,8827,1610
Z38940,802,741,61
Z38941,1862,1514,348
Z38943,234,84,150
Z38944,197,161,36
Z38945,22,22,0
Z38946,173,127,46
Z38947,288,246,42
Z38948,1356,1069,287
Z38949,180,62,118
Z38950,161,121,40
Z38951,514,462,52
Z38952,336,215,121
Z38953,356,209,147
Z38954,641,459,182
Z38957,303,209,94
Z38958,39,11,28
Z38961,214,214,0
Z38962,27,27,0
Z38963,1615,1516,99
Z38964,88,51,37
Z38965,4048,3429,619
Z38966,312,232,80
Z38967,3545,2640,905
Z39038,2508,2104,404
Z39039,849,648,201
Z39040,1610,1466,144
Z39041,1628,1366,262
Z39042,13778,13017,761
Z39044,1771,1461,310
Z39045,525,447,78
Z39046,10506,9207,1299
Z39047,15028,14552,476
Z39051,6535,5791,744
Z39054,161,124,37
Z39056,9894,9301,593
Z39057,767,636,131
Z39059,4908,4109,799
Z39061,21,21,0
Z39062,213,179,34
Z39063,1616,1248,368
Z39066,1731,1547,184
Z39067,741,607,134
Z39069,2432,1889,543
Z39071,2263,2098,165
Z39073,7979,7067,912
Z39074,6283,5337,946
Z39078,434,353,81
Z39079,697,525,172
Z39082,612,487,125
Z39083,4475,3492,983
Z39086,790,597,193
Z39088,134,58,76
Z39090,6015,5204,811
Z39092,1319,1186,133
Z39094,1760,1407,353
Z39095,3359,2640,719
Z39096,748,394,354
Z39097,271,197,74
Z39108,1253,817,436
Z39110,15116,14542,574
Z39111,3962,3349,613
Z39113,155,131,24
Z39114,4521,3554,967
Z39115,18,18,0
Z39116,955,748,207
Z39117,4206,3624,582
Z39119,2798,2416,382
Z39120,14575,11928,2647
Z39140,1101,897,204
Z39144,432,326,106
Z39145,2225,1758,467
Z39146,1234,935,299
Z39149,632,509,123
Z39150,2734,2157,577
Z39152,508,460,48
Z39153,1888,1576,312
Z39154,3721,3291,430
Z39156,174,135,39
Z39157,11682,10562,1120
Z39159,1524,1329,195
Z39160,1476,1124,352
Z39162,76,38,38
Z39166,306,201,105
Z39167,0,0,0
Z39168,2802,2439,363
Z39169,1243,969,274
Z39170,3975,3696,279
Z39174,75,55,20
Z39175,1946,1527,419
Z39176,906,564,342
Z39177,43,29,14
Z39179,587,498,89
Z39180,14539,12684,1855
Z39183,7159,5596,1563
Z39189,1655,1444,211
Z39191,3193,2679,514
Z39192,867,534,333
Z39193,0,0,0
Z39194,6912,5889,1023
Z39201,317,276,41
Z39202,4166,3469,697
Z39203,2873,1977,896
Z39204,8547,6280,2267
Z39206,11063,9810,1253
Z39208,11904,11117,787
Z39209,12731,9748,2983
Z39211,11431,10262,1169
Z39212,12934,11351,1583
Z39213,10130,8656,1474
Z39216,1934,1518,416
Z39217,0,0,0
Z39218,2859,2608,251
Z39232,3526,3227,299
Z39269,0,0,0
Z39272,5114,4729,385
Z39301,12499,10233,2266
Z39305,9280,8130,1150
Z39307,7418,6296,1122
Z39309,0,0,0
Z39320,832,710,122
Z39322,669,526,143
Z39323,567,509,58
Z39325,2434,2272,162
Z39326,417,295,122
Z39327,1704,1393,311
Z39328,2121,1597,524
Z39330,1100,915,185
Z39332,759,610,149
Z39335,1449,1152,297
Z39336,414,404,10
Z39337,855,721,134
Z39338,1747,1362,385
Z39339,7076,6276,800
Z39341,2911,2415,496
Z39342,586,529,57
Z39345,3094,2650,444
Z39346,1004,888,116
Z39347,960,694,266
Z39348,398,329,69
Z39350,10405,9070,1335
Z39352,243,213,30
Z39354,828,625,203
Z39355,3151,2613,538
Z39356,340,218,122
Z39358,801,686,115
Z39359,120,108,12
Z39360,1954,1517,437
Z39361,875,723,152
Z39362,1326,1011,315
Z39363,970,768,202
Z39364,1449,1280,169
Z39365,3055,2649,406
Z39366,619,574,45
Z39367,6769,5618,1151
Z39401,19772,16838,2934
Z39402,17377,16115,1262
Z39406,29,0,29
Z39421,1282,1134,148
Z39422,2439,2208,231
Z39423,1277,990,287
Z39425,786,617,169
Z39426,7181,6221,960
Z39427,673,658,15
Z39428,4201,3263,938
Z39429,7669,6264,1405
Z39437,5478,4936,542
Z39439,2130,1783,347
Z39440,9158,7513,1645
Z39443,9076,7956,1120
Z39451,1828,1541,287
Z39452,11308,9050,2258
Z39455,4318,3684,634
Z39456,529,445,84
Z39459,1628,1330,298
Z39461,282,235,47
Z39462,589,507,82
Z39464,891,807,84
Z39465,8441,7376,1065
Z39466,11808,10391,1417
Z39470,6022,4645,1377
Z39474,2874,2343,531
Z39475,4891,4278,613
Z39476,3299,2702,597
Z39477,334,273,61
Z39478,1005,845,160
Z39479,2301,2066,235
Z39480,1285,1072,213
Z39481,778,694,84
Z39482,3868,3281,587
Z39483,2908,2430,478
Z39501,10789,8539,2250
Z39503,20679,18342,2337
Z39507,9376,7675,1701
Z39520,8869,6617,2252
Z39525,4104,3378,726
Z39530,4342,3536,806
Z39531,9629,7397,2232
Z39532,14877,13118,1759
Z39534,0,0,0
Z39540,4439,3824,615
Z39553,7356,6024,1332
Z39556,3735,3200,535
Z39560,7593,6763,830
Z39561,918,791,127
Z39562,6988,6137,851
Z39563,6523,5223,1300
Z39564,16340,13848,2492
Z39565,7619,6396,1223
Z39567,5321,4482,839
Z39571,6330,5146,1184
Z39572,770,597,173
Z39573,3442,2741,701
Z39574,5072,4737,335
Z39576,2800,2390,410
Z39577,4446,3393,1053
Z39581,5543,4137,1406
Z39601,10453,8903,1550
Z39629,2741,2339,402
Z39630,495,388,107
Z39631,1602,1364,238
Z39633,521,414,107
Z39635,119,78,41
Z39638,1896,1353,543
Z39641,2139,1585,554
Z39643,524,497,27
Z39645,2596,2016,580
Z39647,515,426,89
Z39648,9864,8389,1475
Z39652,3757,2817,940
Z39653,1524,1229,295
Z39654,2601,2154,447
Z39656,410,349,61
Z39657,969,710,259
Z39661,1638,1159,479
Z39662,574,527,47
Z39663,1325,1060,265
Z39664,1080,763,317
Z39665,585,422,163
Z39666,4150,3453,697
Z39667,5793,4707,1086
Z39668,559,197,362
Z39669,3237,1714,1523
Z39701,6955,5456,1499
Z39702,9540,8621,919
Z39705,6460,5602,858
Z39730,5215,4377,838
Z39735,1817,1517,300
Z39736,119,105,14
Z39737,135,96,39
Z39739,1367,953,414
Z39740,2229,1956,273
Z39741,535,473,62
Z39743,758,622,136
Z39744,2831,2319,512
Z39745,351,278,73
Z39746,1509,1299,210
Z39747,1098,867,231
Z39750,1034,933,101
Z39751,752,644,108
Z39752,1365,1187,178
Z39755,416,313,103
Z39756,883,808,75
Z39759,19660,16263,3397
Z39760,0,0,0
Z39762,39,0,39
Z39766,1199,1117,82
Z39767,334,254,80
Z39769,1131,846,285
Z39771,48,39,9
Z39772,890,660,230
Z39773,7521,6399,1122
Z39776,772,648,124
Z39813,1023,791,232
Z39815,772,680,92
Z39817,4183,3724,459
Z39819,5175,4487,688
Z39823,3674,2985,689
Z39824,321,204,117
Z39825,681,612,69
Z39826,218,159,59
Z39827,1570,1487,83
Z39828,6417,5558,859
Z39834,1102,955,147
Z39836,219,183,36
Z39837,2921,2489,432
Z39840,2710,2050,660
Z39841,318,257,61
Z39842,3685,2968,717
Z39845,4470,3044,1426
Z39846,978,805,173
Z39851,1400,845,555
Z39854,2107,1002,1105
Z39859,529,422,107
Z39861,621,516,105
Z39862,648,495,153
Z39866,226,161,65
Z39867,230,159,71
Z39870,1074,856,218
Z39877,226,128,98
Z39885,42,35,7
Z39886,800,633,167
Z39897,1603,1298,305
Z40003,862,846,16
Z40004,12088,11152,936
Z40006,2063,1899,164
Z40007,67,67,0
Z40008,1539,1312,227
Z40009,579,469,110
Z40010,250,176,74
Z40011,1041,879,162
Z40012,265,181,84
Z40013,2114,2012,102
Z40014,7232,6864,368
Z40019,1633,1497,136
Z40020,55,51,4
Z40022,317,304,13
Z40023,1832,1640,192
Z40025,25,16,9
Z40026,1920,1859,61
Z40031,7571,6954,617
Z40033,5281,4907,374
Z40036,138,81,57
Z40037,1175,1095,80
Z40040,245,189,56
Z40041,189,155,34
Z40045,1688,1456,232
Z40046,900,758,142
Z40047,8002,7630,372
Z40048,18,0,18
Z40049,0,0,0
Z40050,679,617,62
Z40051,1913,1620,293
Z40052,265,231,34
Z40055,769,737,32
Z40056,1352,1252,100
Z40057,1508,1356,152
Z40058,53,42,11
Z40059,6933,6561,372
Z40060,490,433,57
Z40062,135,135,0
Z40063,6,6,0
Z40065,11488,10844,644
Z40067,1996,1879,117
Z40068,781,776,5
Z40069,3534,3157,377
Z40070,194,139,55
Z40071,5462,5294,168
Z40075,596,537,59
Z40076,1040,968,72
Z40077,230,158,72
Z40078,1076,947,129
Z40104,646,504,142
Z40107,900,861,39
Z40108,4998,4329,669
Z40109,743,698,45
Z40110,25,6,19
Z40111,718,604,114
Z40115,307,229,78
Z40117,1010,881,129
Z40118,3682,3419,263
Z40119,1707,716,991
Z40121,2649,2227,422
Z40140,243,164,79
Z40142,1103,936,167
Z40143,2906,2217,689
Z40144,987,637,350
Z40145,382,250,132
Z40146,1704,1538,166
Z40150,1622,1444,178
Z40152,733,237,496
Z40155,548,446,102
Z40157,286,241,45
Z40160,10555,9153,1402
Z40161,86,86,0
Z40162,2457,2231,226
Z40165,13231,12308,923
Z40170,193,148,45
Z40171,167,136,31
Z40175,5766,5376,390
Z40176,444,376,68
Z40177,734,561,173
Z40178,517,191,326
Z40202,3420,2641,779
Z40203,10719,8986,1733
Z40204,8213,7139,1074
Z40205,11226,10529,697
Z40206,10492,9629,863
Z40207,14714,13764,950
Z40208,7093,5739,1354
Z40209,175,175,0
Z40210,7337,5868,1469
Z40211,11435,9056,2379
Z40212,8608,6838,1770
Z40213,7724,6883,841
Z40214,20761,17951,2810
Z40215,9780,8141,1639
Z40216,18353,16888,1465
Z40217,6362,5942,420
Z40218,15203,13646,1557
Z40219,17055,15777,1278
Z40220,15182,14204,978
Z40222,10207,9649,558
Z40223,9647,8880,767
Z40228,6489,6179,310
Z40229,15007,13767,1240
Z40231,0,0,0
Z40241,13278,12296,982
Z40242,4774,4556,218
Z40243,4834,4462,372
Z40245,11826,11502,324
Z40258,10938,10328,610
Z40272,15569,14076,1493
Z40280,106,106,0
Z40291,15175,14117,1058
Z40299,15801,14857,944
Z40310,298,235,63
Z40311,3329,2902,427
Z40312,2565,2329,236
Z40313,1575,1385,190
Z40316,138,69,69
Z40322,1599,1204,395
Z40324,17703,16228,1475
Z40328,523,400,123
Z40330,8888,7815,1073
Z40334,24,24,0
Z40336,6142,5163,979
Z40337,2316,2014,302
Z40339,0,0,0
Z40342,9066,8297,769
Z40346,331,296,35
Z40347,1187,1061,126
Z40348,340,256,84
Z40350,99,43,56
Z40351,8590,7179,1411
Z40353,9291,8154,1137
Z40356,16924,15775,1149
Z40358,331,239,92
Z40359,3468,2624,844
Z40360,3028,2401,627
Z40361,8087,7162,925
Z40363,86,0,86
Z40370,1171,926,245
Z40371,1480,1164,316
Z40372,1037,939,98
Z40374,806,676,130
Z40376,0,0,0
Z40379,1399,1311,88
Z40380,2968,2375,593
Z40383,9575,8661,914
Z40385,1105,1035,70
Z40387,1778,878,900
Z40390,2640,2402,238
Z40391,15580,14055,1525
Z40402,1198,1042,156
Z40403,10363,9229,1134
Z40404,0,0,0
Z40409,1815,1591,224
Z40419,1939,1838,101
Z40422,10418,9282,1136
Z40434,74,74,0
Z40437,2261,2088,173
Z40440,907,809,98
Z40442,699,576,123
Z40444,6217,5461,756
Z40445,484,363,121
Z40447,4126,3447,679
Z40448,50,21,29
Z40456,4243,3691,552
Z40460,478,404,74
Z40461,1595,1318,277
Z40464,529,443,86
Z40468,874,820,54
Z40472,759,628,131
Z40475,24222,21895,2327
Z40481,119,98,21
Z40484,4975,4509,466
Z40486,1043,919,124
Z40489,1719,1430,289
Z40502,13715,12376,1339
Z40503,13181,12335,846
Z40504,12245,11022,1223
Z40505,12454,11122,1332
Z40506,0,0,0
Z40507,1404,1181,223
Z40508,11113,9776,1337
Z40509,16125,14559,1566
Z40510,373,352,21
Z40511,13163,12035,1128
Z40513,4425,4241,184
Z40514,6010,5759,251
Z40515,15104,14077,1027
Z40516,1326,1157,169
Z40517,17815,16168,1647
Z40601,23589,21279,2310
Z40604,0,0,0
Z40701,13472,12016,1456
Z40729,2428,2148,280
Z40734,1599,1286,313
Z40737,408,408,0
Z40740,1179,1096,83
Z40741,9779,8826,953
Z40743,133,98,35
Z40744,7572,6976,596
Z40759,1312,1152,160
Z40763,272,205,67
Z40769,7202,6173,1029
Z40771,591,538,53
Z40801,231,195,36
Z40806,1091,957,134
Z40807,228,180,48
Z40808,18,18,0
Z40810,713,586,127
Z40813,324,259,65
Z40815,642,566,76
Z40816,25,13,12
Z40818,46,46,0
Z40819,372,294,78
Z40820,238,196,42
Z40823,2138,1793,345
Z40824,250,229,21
Z40826,306,252,54
Z40827,294,268,26
Z40828,1531,1318,213
Z40829,136,136,0
Z40830,150,126,24
Z40831,2515,2241,274
Z40840,136,93,43
Z40843,118,99,19
Z40844,113,64,49
Z40845,325,281,44
Z40847,133,115,18
Z40849,214,123,91
Z40854,558,444,114
Z40855,517,346,171
Z40856,406,327,79
Z40858,156,133,23
Z40862,272,232,40
Z40863,244,231,13
Z40865,183,165,18
Z40868,532,442,90
Z40870,179,160,19
Z40873,971,806,165
Z40874,234,210,24
Z40902,498,419,79
Z40903,344,257,87
Z40906,5299,4555,744
Z40913,125,92,33
Z40914,149,104,45
Z40915,365,342,23
Z40921,181,141,40
Z40923,247,223,24
Z40927,164,117,47
Z40935,1180,1043,137
Z40939,142,142,0
Z40940,326,240,86
Z40941,109,109,0
Z40943,276,264,12
Z40946,92,80,12
Z40949,394,285,109
Z40953,393,338,55
Z40958,262,217,45
Z40962,7682,6703,979
Z40964,13,13,0
Z40965,6390,5612,778
Z40972,588,488,100
Z40977,4314,3510,804
Z40979,73,47,26
Z40982,210,175,35
Z40983,200,163,37
Z40988,248,194,54
Z40995,51,28,23
Z40997,135,128,7
Z41001,6274,5922,352
Z41002,1078,915,163
Z41003,1129,924,205
Z41004,1913,1664,249
Z41005,8576,8175,401
Z41006,1806,1609,197
Z41007,1525,1415,110
Z41008,3118,2750,368
Z41010,1633,1281,352
Z41011,13400,11140,2260
Z41014,3633,3086,547
Z41015,9187,8204,983
Z41016,2901,2443,458
Z41017,15975,15035,940
Z41018,11376,10347,1029
Z41030,2349,2139,210
Z41031,6963,6096,867
Z41033,858,705,153
Z41034,490,433,57
Z41035,4323,3674,649
Z41039,1254,1108,146
Z41040,3264,2799,465
Z41041,3274,2843,431
Z41042,21753,20325,1428
Z41043,773,679,94
Z41044,419,316,103
Z41045,701,514,187
Z41046,539,430,109
Z41048,4928,4845,83
Z41049,1106,863,243
Z41051,10015,9507,508
Z41052,28,28,0
Z41055,783,658,125
Z41056,6698,5560,1138
Z41059,1069,917,152
Z41062,13,13,0
Z41063,1348,1144,204
Z41064,979,822,157
Z41071,10102,8488,1614
Z41073,3061,2641,420
Z41074,2540,2099,441
Z41075,7247,6561,686
Z41076,7673,7164,509
Z41080,798,608,190
Z41083,574,471,103
Z41085,290,262,28
Z41086,1361,1209,152
Z41091,6167,5823,344
Z41092,1263,1158,105
Z41093,1219,1014,205
Z41094,5477,5001,476
Z41095,1641,1269,372
Z41097,2954,2294,660
Z41098,1216,747,469
Z41099,0,0,0
Z41101,8986,7881,1105
Z41102,8912,7987,925
Z41121,793,629,164
Z41124,553,475,78
Z41129,4347,4036,311
Z41132,184,139,45
Z41135,86,70,16
Z41139,3680,3319,361
Z41141,1017,786,231
Z41142,50,50,0
Z41143,6235,5587,648
Z41144,4428,3799,629
Z41146,219,167,52
Z41149,297,264,33
Z41159,238,170,68
Z41164,6167,5068,1099
Z41166,447,398,49
Z41168,1237,1058,179
Z41169,2568,2294,274
Z41171,1919,1494,425
Z41174,629,401,228
Z41175,2509,2132,377
Z41179,3627,3056,571
Z41180,562,442,120
Z41183,611,560,51
Z41189,1059,934,125
Z41201,209,108,101
Z41203,347,284,63
Z41204,208,208,0
Z41214,223,223,0
Z41216,500,406,94
Z41219,838,737,101
Z41222,1017,958,59
Z41224,2243,1877,366
Z41226,103,103,0
Z41230,5270,4442,828
Z41231,541,452,89
Z41232,372,319,53
Z41234,254,175,79
Z41238,401,331,70
Z41240,3594,2962,632
Z41250,493,409,84
Z41254,180,163,17
Z41255,489,416,73
Z41256,1121,909,212
Z41257,155,140,15
Z41260,360,333,27
Z41262,698,599,99
Z41263,206,182,24
Z41264,125,115,10
Z41265,826,718,108
Z41267,411,316,95
Z41268,204,184,20
Z41271,156,115,41
Z41274,239,220,19
Z41301,2923,2397,526
Z41311,3318,2741,577
Z41314,2424,1889,535
Z41317,66,66,0
Z41332,635,468,167
Z41339,5040,4478,562
Z41348,511,497,14
Z41352,365,332,33
Z41360,241,168,73
Z41365,284,226,58
Z41366,6,6,0
Z41367,37,37,0
Z41385,176,134,42
Z41390,30,18,12
Z41397,9,9,0
Z41408,144,127,17
Z41421,113,67,46
Z41425,637,488,149
Z41464,273,230,43
Z41465,5367,4520,847
Z41472,4345,3670,675
Z41501,10848,9635,1213
Z41503,324,239,85
Z41512,408,331,77
Z41513,300,220,80
Z41514,1523,1312,211
Z41517,29,29,0
Z41519,533,533,0
Z41522,2616,2094,522
Z41524,164,111,53
Z41526,48,48,0
Z41527,354,321,33
Z41528,490,351,139
Z41531,507,448,59
Z41534,111,111,0
Z41535,240,203,37
Z41537,2625,2088,537
Z41538,27,27,0
Z41539,757,671,86
Z41540,143,120,23
Z41543,295,206,89
Z41544,432,390,42
Z41547,105,90,15
Z41548,385,331,54
Z41553,1248,1105,143
Z41554,478,431,47
Z41555,442,363,79
Z41557,857,707,150
Z41558,334,284,50
Z41559,147,147,0
Z41560,168,152,16
Z41562,1297,1195,102
Z41563,190,162,28
Z41564,481,453,28
Z41566,341,284,57
Z41567,86,86,0
Z41568,404,350,54
Z41571,211,167,44
Z41572,1778,1508,270
Z41601,491,411,80
Z41602,210,210,0
Z41603,494,430,64
Z41604,273,202,71
Z41605,253,253,0
Z41606,359,308,51
Z41607,196,196,0
Z41612,27,27,0
Z41615,215,215,0
Z41616,431,334,97
Z41619,222,186,36
Z41621,156,156,0
Z41622,118,118,0
Z41630,639,518,121
Z41631,555,455,100
Z41632,292,246,46
Z41635,1474,1285,189
Z41636,541,378,163
Z41640,541,457,84
Z41642,300,286,14
Z41643,56,56,0
Z41645,583,528,55
Z41647,708,581,127
Z41649,1342,1079,263
Z41650,279,203,76
Z41653,5289,4738,551
Z41655,490,428,62
Z41659,246,143,103
Z41660,344,195,149
Z41663,182,182,0
Z41666,466,337,129
Z41667,334,262,72
Z41669,342,293,49
Z41701,7804,6898,906
Z41712,204,178,26
Z41713,48,48,0
Z41714,110,87,23
Z41719,482,409,73
Z41721,296,216,80
Z41722,696,613,83
Z41723,584,502,82
Z41725,69,69,0
Z41727,350,296,54
Z41729,40,40,0
Z41731,489,443,46
Z41735,160,96,64
Z41739,39,29,10
Z41740,367,335,32
Z41745,81,81,0
Z41746,296,269,27
Z41749,1712,1300,412
Z41751,174,131,43
Z41754,132,97,35
Z41759,160,128,32
Z41760,10,10,0
Z41762,58,58,0
Z41763,257,242,15
Z41764,343,305,38
Z41766,76,36,40
Z41772,92,81,11
Z41773,671,533,138
Z41774,1187,938,249
Z41775,87,38,49
Z41776,693,504,189
Z41777,428,388,40
Z41804,438,329,109
Z41810,273,173,100
Z41812,195,190,5
Z41815,397,348,49
Z41817,60,60,0
Z41819,162,136,26
Z41821,339,310,29
Z41822,1087,815,272
Z41824,485,445,40
Z41825,261,213,48
Z41826,562,459,103
Z41828,397,300,97
Z41831,474,446,28
Z41832,115,115,0
Z41833,126,106,20
Z41834,341,308,33
Z41835,393,306,87
Z41836,502,317,185
Z41837,446,322,124
Z41838,236,175,61
Z41839,712,543,169
Z41840,535,450,85
Z41843,416,313,103
Z41844,546,463,83
Z41845,105,79,26
Z41847,231,186,45
Z41848,8,8,0
Z41849,117,74,43
Z41855,366,248,118
Z41858,3824,3262,562
Z41859,173,155,18
Z41861,39,25,14
Z41862,425,355,70
Z42001,14105,12363,1742
Z42003,13629,11872,1757
Z42020,1128,926,202
Z42021,812,667,145
Z42022,44,44,0
Z42023,1236,1016,220
Z42024,730,625,105
Z42025,9757,7948,1809
Z42027,1117,943,174
Z42028,370,265,105
Z42029,2581,2320,261
Z42031,1472,1236,236
Z42032,72,64,8
Z42035,352,308,44
Z42036,529,505,24
Z42037,16,7,9
Z42038,2747,2031,716
Z42039,807,724,83
Z42040,556,462,94
Z42041,2549,2065,484
Z42044,1896,1174,722
Z42045,1352,932,420
Z42047,100,73,27
Z42048,1397,893,504
Z42049,795,716,79
Z42050,1536,1190,346
Z42051,1307,1148,159
Z42053,2329,1988,341
Z42054,459,367,92
Z42055,1819,1074,745
Z42056,966,872,94
Z42058,992,876,116
Z42060,29,29,0
Z42061,31,31,0
Z42064,4090,3384,706
Z42066,10624,9171,1453
Z42069,312,268,44
Z42071,14303,11644,2659
Z42076,862,526,336
Z42078,913,762,151
Z42079,619,503,116
Z42081,1013,865,148
Z42082,871,822,49
Z42083,207,162,45
Z42084,100,100,0
Z42085,410,302,108
Z42086,1819,1664,155
Z42087,1091,896,195
Z42088,1108,936,172
Z42101,22745,20950,1795
Z42102,37,37,0
Z42103,8705,8027,678
Z42104,13663,12657,1006
Z42120,1183,1048,135
Z42122,1684,1561,123
Z42123,494,343,151
Z42124,70,30,40
Z42127,2907,2539,368
Z42129,3389,2755,634
Z42130,33,33,0
Z42133,751,634,117
Z42134,7279,6557,722
Z42140,521,432,89
Z42141,14096,12430,1666
Z42151,119,98,21
Z42153,164,116,48
Z42154,315,303,12
Z42156,77,67,10
Z42157,129,102,27
Z42159,514,500,14
Z42160,556,498,58
Z42163,77,53,24
Z42164,7680,6347,1333
Z42166,1118,963,155
Z42167,3899,3342,557
Z42170,549,492,57
Z42171,3183,2927,256
Z42202,1105,927,178
Z42204,208,188,20
Z42206,2224,2081,143
Z42207,858,608,250
Z42210,1933,1612,321
Z42211,7306,5597,1709
Z42214,190,190,0
Z42215,597,507,90
Z42217,1519,1354,165
Z42220,2933,2513,420
Z42223,4701,4339,362
Z42232,345,222,123
Z42234,1106,1002,104
Z42236,259,253,6
Z42240,19339,16853,2486
Z42254,130,102,28
Z42256,2498,1789,709
Z42259,824,368,456
Z42261,4880,4322,558
Z42262,3960,3039,921
Z42265,461,433,28
Z42266,874,763,111
Z42273,236,218,18
Z42274,1124,1050,74
Z42275,397,301,96
Z42276,6608,6114,494
Z42280,200,132,68
Z42285,162,147,15
Z42286,514,442,72
Z42301,19391,17633,1758
Z42303,16849,15368,1481
Z42320,3462,2939,523
Z42321,60,60,0
Z42322,28,28,0
Z42323,360,315,45
Z42324,609,506,103
Z42325,918,859,59
Z42326,238,174,64
Z42327,1704,1507,197
Z42328,606,558,48
Z42330,4036,3290,746
Z42332,45,28,17
Z42333,537,482,55
Z42337,901,750,151
Z42338,48,48,0
Z42339,360,292,68
Z42343,934,706,228
Z42344,521,430,91
Z42345,4889,4219,670
Z42347,2682,2338,344
Z42348,2209,2001,208
Z42349,598,481,117
Z42350,611,549,62
Z42351,1623,1431,192
Z42352,893,832,61
Z42354,117,102,15
Z42355,788,750,38
Z42356,0,0,0
Z42361,261,216,45
Z42366,2240,2022,218
Z42367,300,267,33
Z42368,443,406,37
Z42369,134,104,30
Z42370,19,0,19
Z42371,258,207,51
Z42372,822,694,128
Z42374,119,111,8
Z42376,2453,2266,187
Z42378,1065,1028,37
Z42404,1206,1076,130
Z42406,1462,1261,201
Z42408,3141,2617,524
Z42409,1036,939,97
Z42410,770,600,170
Z42411,852,654,198
Z42413,1357,1278,79
Z42420,17160,15800,1360
Z42431,12431,10891,1540
Z42436,454,418,36
Z42437,3380,3104,276
Z42440,381,349,32
Z42441,750,623,127
Z42442,1417,1193,224
Z42445,5310,4522,788
Z42450,2005,1604,401
Z42451,421,341,80
Z42452,886,861,25
Z42453,266,229,37
Z42455,1261,1132,129
Z42456,615,563,52
Z42458,389,376,13
Z42459,1891,1665,226
Z42461,622,543,79
Z42462,402,344,58
Z42463,51,48,3
Z42464,857,739,118
Z42501,8650,7279,1371
Z42503,10438,9401,1037
Z42516,244,204,40
Z42518,2096,1190,906
Z42519,2604,1200,1404
Z42528,647,561,86
Z42533,346,331,15
Z42539,4675,4025,650
Z42541,293,265,28
Z42544,4060,2446,1614
Z42553,2244,1924,320
Z42565,327,223,104
Z42566,265,249,16
Z42567,2640,2394,246
Z42602,5524,3835,1689
Z42603,35,35,0
Z42629,3068,2081,987
Z42631,45,45,0
Z42633,9874,7583,2291
Z42634,672,530,142
Z42635,1441,1281,160
Z42638,72,72,0
Z42642,6267,4967,1300
Z42647,1850,1519,331
Z42649,1298,1165,133
Z42653,1999,1601,398
Z42701,21628,19699,1929
Z42712,679,554,125
Z42713,779,637,142
Z42715,182,94,88
Z42716,807,625,182
Z42717,3613,2713,900
Z42718,10676,9517,1159
Z42721,1737,1313,424
Z42722,241,230,11
Z42724,1830,1585,245
Z42726,3417,1969,1448
Z42728,7317,6080,1237
Z42729,1400,603,797
Z42731,68,53,15
Z42732,894,753,141
Z42733,580,486,94
Z42740,884,720,164
Z42741,237,212,25
Z42743,4370,3705,665
Z42746,866,798,68
Z42748,3787,3267,520
Z42749,2150,1973,177
Z42753,336,238,98
Z42754,7458,5997,1461
Z42757,1224,1053,171
Z42758,40,40,0
Z42762,210,139,71
Z42764,280,232,48
Z42765,2918,2486,432
Z42776,1164,1022,142
Z42782,491,414,77
Z42784,1185,964,221
Z42788,159,138,21
Z43001,1086,1035,51
Z43002,1659,1567,92
Z43003,1071,930,141
Z43004,9314,9074,240
Z43005,69,43,26
Z43006,300,223,77
Z43008,1364,1042,322
Z43009,747,713,34
Z43010,137,130,7
Z43011,2852,2651,201
Z43013,478,469,9
Z43014,1460,1295,165
Z43015,20326,19238,1088
Z43016,14399,13978,421
Z43017,14865,14255,610
Z43019,3485,3358,127
Z43021,3763,3643,120
Z43022,1295,1089,206
Z43023,4157,3997,160
Z43025,2681,2325,356
Z43026,22715,21992,723
Z43028,3974,3079,895
Z43029,195,161,34
Z43030,89,49,40
Z43031,5379,4755,624
Z43032,60,60,0
Z43033,168,155,13
Z43035,9028,8695,333
Z43036,113,107,6
Z43037,183,173,10
Z43040,11819,11133,686
Z43044,2121,1959,162
Z43045,738,633,105
Z43046,1847,1482,365
Z43050,12291,11309,982
Z43054,8871,8467,404
Z43055,26803,24665,2138
Z43056,7354,6915,439
Z43060,1034,961,73
Z43061,1535,1489,46
Z43062,10886,10143,743
Z43064,5147,4921,226
Z43065,14738,14113,625
Z43066,560,560,0
Z43067,459,422,37
Z43068,22356,21206,1150
Z43070,39,39,0
Z43071,953,805,148
Z43072,2259,2092,167
Z43074,4495,4253,242
Z43076,4189,3623,566
Z43077,121,115,6
Z43078,9274,8407,867
Z43080,2104,1866,238
Z43081,24515,23195,1320
Z43082,11607,11316,291
Z43084,307,298,9
Z43085,10504,10211,293
Z43101,162,141,21
Z43102,1811,1664,147
Z43103,4294,4014,280
Z43105,3045,2922,123
Z43106,709,640,69
Z43107,1271,1165,106
Z43109,40,40,0
Z43110,14378,13253,1125
Z43111,131,131,0
Z43112,1629,1486,143
Z43113,9806,8980,826
Z43115,583,522,61
Z43116,493,466,27
Z43117,35,35,0
Z43119,10416,9943,473
Z43123,25373,23044,2329
Z43125,5947,5403,544
Z43126,181,159,22
Z43127,84,56,28
Z43128,972,873,99
Z43130,25292,23375,1917
Z43135,1938,1729,209
Z43136,219,195,24
Z43137,844,637,207
Z43138,8457,7480,977
Z43140,8299,7645,654
Z43142,76,69,7
Z43143,2375,2213,162
Z43144,203,166,37
Z43145,691,607,84
Z43146,3455,3243,212
Z43147,14351,13664,687
Z43148,852,795,57
Z43149,1356,1067,289
Z43150,874,811,63
Z43151,82,68,14
Z43152,439,291,148
Z43153,405,341,64
Z43154,1267,1139,128
Z43155,1287,991,296
Z43156,96,82,14
Z43157,227,217,10
Z43158,102,102,0
Z43160,10016,9143,873
Z43162,2679,2595,84
Z43164,806,730,76
Z43201,15115,11508,3607
Z43202,10551,9707,844
Z43203,4912,3429,1483
Z43204,19255,15560,3695
Z43205,7271,5205,2066
Z43206,12275,9783,2492
Z43207,20172,17185,2987
Z43209,12594,11566,1028
Z43210,387,279,108
Z43211,10527,8079,2448
Z43212,11156,9693,1463
Z43213,15665,13916,1749
Z43214,13162,12323,839
Z43215,9281,8170,1111
Z43217,864,767,97
Z43219,12401,10867,1534
Z43220,12754,11857,897
Z43221,13903,13150,753
Z43222,1838,1307,531
Z43223,11017,8524,2493
Z43224,18876,16274,2602
Z43227,10291,8841,1450
Z43228,23752,21228,2524
Z43229,22243,20011,2232
Z43230,22879,22120,759
Z43231,8627,7812,815
Z43232,20267,17430,2837
Z43235,18929,17941,988
Z43240,1994,1826,168
Z43302,22811,20046,2765
Z43310,1495,1297,198
Z43311,8410,7721,689
Z43314,1399,1128,271
Z43315,2700,2517,183
Z43316,2558,2416,142
Z43317,49,44,5
Z43318,1897,1758,139
Z43319,421,421,0
Z43320,719,695,24
Z43321,132,124,8
Z43322,166,157,9
Z43323,313,304,9
Z43324,2257,1182,1075
Z43326,5771,5161,610
Z43330,41,41,0
Z43331,3596,2247,1349
Z43332,818,715,103
Z43333,417,293,124
Z43334,2570,2334,236
Z43336,0,0,0
Z43337,421,398,23
Z43338,4405,3790,615
Z43340,649,588,61
Z43341,484,472,12
Z43342,1340,1216,124
Z43343,536,464,72
Z43344,2381,2116,265
Z43345,298,264,34
Z43347,583,553,30
Z43348,1493,758,735
Z43351,4799,4578,221
Z43356,482,449,33
Z43357,1717,1589,128
Z43358,1085,1025,60
Z43359,297,286,11
Z43360,758,673,85
Z43402,14954,13512,1442
Z43403,0,0,0
Z43406,771,698,73
Z43407,285,263,22
Z43408,143,126,17
Z43410,4461,4058,403
Z43412,1962,1895,67
Z43413,614,562,52
Z43416,1208,1075,133
Z43420,13794,12535,1259
Z43430,1990,1884,106
Z43431,1784,1610,174
Z43432,421,421,0
Z43433,31,10,21
Z43434,46,41,5
Z43435,512,500,12
Z43437,194,183,11
Z43438,845,76,769
Z43439,52,27,25
Z43440,6460,2403,4057
Z43442,493,455,38
Z43443,740,734,6
Z43445,507,442,65
Z43446,430,69,361
Z43447,1433,1422,11
Z43449,4196,3286,910
Z43450,1429,1341,88
Z43451,430,371,59
Z43452,10297,6138,4159
Z43456,1003,254,749
Z43457,538,502,36
Z43458,211,164,47
Z43460,3001,2817,184
Z43462,443,425,18
Z43463,32,9,23
Z43464,647,412,235
Z43465,2449,2366,83
Z43466,974,891,83
Z43467,32,32,0
Z43468,116,116,0
Z43469,1275,1141,134
Z43501,378,319,59
Z43502,2626,2407,219
Z43504,536,500,36
Z43505,49,38,11
Z43506,7001,6312,689
Z43511,436,400,36
Z43512,12529,11269,1260
Z43515,3439,3213,226
Z43516,1186,1046,140
Z43517,1514,1485,29
Z43518,1104,1047,57
Z43519,80,80,0
Z43521,1310,1205,105
Z43522,1280,1142,138
Z43523,15,0,15
Z43524,530,459,71
Z43525,467,437,30
Z43526,2439,2234,205
Z43527,965,811,154
Z43528,6525,6284,241
Z43529,102,87,15
Z43531,57,57,0
Z43532,1627,1499,128
Z43533,657,637,20
Z43534,726,625,101
Z43535,338,326,12
Z43536,205,181,24
Z43537,11532,10951,581
Z43540,679,638,41
Z43541,76,66,10
Z43542,1421,1283,138
Z43543,3528,3185,343
Z43545,6107,5795,312
Z43547,182,133,49
Z43548,290,258,32
Z43549,505,497,8
Z43551,15775,15048,727
Z43553,74,74,0
Z43554,1143,1102,41
Z43555,103,103,0
Z43556,754,725,29
Z43557,1022,907,115
Z43558,5293,5011,282
Z43560,12468,11931,537
Z43565,208,184,24
Z43566,3106,2910,196
Z43567,5316,4916,400
Z43569,1318,1184,134
Z43570,1366,1278,88
Z43571,2711,2573,138
Z43604,5354,4282,1072
Z43605,12479,10120,2359
Z43606,11677,9959,1718
Z43607,12222,9595,2627
Z43608,7244,5213,2031
Z43609,11347,9045,2302
Z43610,2523,1758,765
Z43611,9007,7855,1152
Z43612,13964,11888,2076
Z43613,15020,13461,1559
Z43614,14743,13737,1006
Z43615,19537,17856,1681
Z43616,9065,8553,512
Z43617,2922,2688,234
Z43619,3385,3187,198
Z43620,3358,2562,796
Z43623,9836,9242,594
Z43701,25192,22880,2312
Z43711,15,15,0
Z43713,3351,2932,419
Z43716,1099,755,344
Z43717,94,69,25
Z43718,1412,1288,124
Z43719,1204,983,221
Z43720,630,463,167
Z43721,20,20,0
Z43722,175,136,39
Z43723,2080,1901,179
Z43724,3215,2888,327
Z43725,9549,8085,1464
Z43727,503,452,51
Z43728,653,423,230
Z43730,1120,897,223
Z43731,2333,2195,138
Z43732,881,723,158
Z43733,23,23,0
Z43734,610,590,20
Z43735,205,205,0
Z43736,49,29,20
Z43738,59,55,4
Z43739,772,772,0
Z43740,175,164,11
Z43746,587,587,0
Z43747,445,374,71
Z43748,1053,1000,53
Z43749,1333,1033,300
Z43750,87,76,11
Z43754,867,694,173
Z43755,713,534,179
Z43756,2767,2363,404
Z43758,1786,1263,523
Z43759,41,34,7
Z43760,895,784,111
Z43761,52,24,28
Z43762,2024,1891,133
Z43764,3452,3142,310
Z43766,776,711,65
Z43767,590,516,74
Z43768,145,135,10
Z43771,881,706,175
Z43772,852,692,160
Z43773,1570,1179,391
Z43777,1935,1688,247
Z43778,607,511,96
Z43779,524,418,106
Z43780,1568,720,848
Z43782,365,299,66
Z43783,1865,1743,122
Z43786,15,13,2
Z43787,1621,1113,508
Z43788,442,316,126
Z43793,2576,2245,331
Z43802,397,349,48
Z43804,910,856,54
Z43805,24,24,0
Z43811,371,309,62
Z43812,8937,7791,1146
Z43821,1915,1602,313
Z43822,1905,1776,129
Z43824,1349,1273,76
Z43830,2638,2494,144
Z43832,3321,2894,427
Z43836,72,64,8
Z43837,780,721,59
Z43840,617,489,128
Z43842,104,104,0
Z43843,494,437,57
Z43844,1624,1384,240
Z43845,2100,1882,218
Z43901,1134,999,135
Z43902,76,24,52
Z43903,1030,916,114
Z43905,153,95,58
Z43906,4324,3548,776
Z43907,2936,2422,514
Z43908,696,549,147
Z43910,1407,1302,105
Z43912,3316,2927,389
Z43913,744,668,76
Z43914,27,27,0
Z43915,753,593,160
Z43917,1570,1297,273
Z43920,10680,9374,1306
Z43925,108,108,0
Z43926,149,119,30
Z43927,48,48,0
Z43928,54,33,21
Z43930,486,367,119
Z43931,89,89,0
Z43932,352,289,63
Z43933,949,807,142
Z43934,179,179,0
Z43935,4289,3778,511
Z43938,2733,2285,448
Z43939,256,227,29
Z43940,156,125,31
Z43942,1215,1061,154
Z43943,1586,1321,265
Z43944,1067,983,84
Z43945,1377,1196,181
Z43946,1128,943,185
Z43947,2522,2296,226
Z43948,315,247,68
Z43950,6342,5786,556
Z43951,59,59,0
Z43952,9238,7375,1863
Z43953,5361,4906,455
Z43961,152,147,5
Z43962,29,29,0
Z43963,653,588,65
Z43964,4241,3879,362
Z43967,12,0,12
Z43968,3013,2641,372
Z43970,23,23,0
Z43971,590,522,68
Z43972,71,71,0
Z43973,1346,859,487
Z43974,54,32,22
Z43976,817,740,77
Z43977,1234,1010,224
Z43983,492,190,302
Z43985,59,50,9
Z43986,839,746,93
Z43988,1401,933,468
Z44001,8613,8124,489
Z44003,2270,1743,527
Z44004,16144,13638,2506
Z44010,729,658,71
Z44011,8207,7955,252
Z44012,9568,8962,606
Z44017,8149,7380,769
Z44021,2394,2253,141
Z44022,7204,6890,314
Z44023,6896,6432,464
Z44024,9631,9091,540
Z44026,4542,4403,139
Z44028,3361,3216,145
Z44030,7219,6132,1087
Z44032,601,573,28
Z44035,29091,26728,2363
Z44039,12895,12230,665
Z44040,1238,1166,72
Z44041,7040,5876,1164
Z44044,4577,4254,323
Z44045,161,144,17
Z44046,701,658,43
Z44047,3801,3395,406
Z44048,1037,970,67
Z44049,102,98,4
Z44050,2595,2419,176
Z44052,13825,11402,2423
Z44053,8841,7686,1155
Z44054,5491,5093,398
Z44055,8762,7768,994
Z44056,4532,4424,108
Z44057,8143,7379,764
Z44060,26706,25319,1387
Z44062,4299,4131,168
Z44064,707,648,59
Z44065,1783,1696,87
Z44067,8669,8278,391
Z44070,14269,13282,987
Z44072,1917,1832,85
Z44074,4011,3754,257
Z44076,1924,1760,164
Z44077,23574,21769,1805
Z44080,48,48,0
Z44081,2686,2541,145
Z44082,570,469,101
Z44084,1851,1454,397
Z44085,1537,1224,313
Z44086,1030,977,53
Z44087,8308,7951,357
Z44089,7947,6643,1304
Z44090,4384,4177,207
Z44092,8110,7592,518
Z44093,764,594,170
Z44094,17161,15837,1324
Z44095,15021,14146,875
Z44099,725,679,46
Z44101,0,0,0
Z44102,22870,18238,4632
Z44103,10649,6973,3676
Z44104,12073,9204,2869
Z44105,21131,15546,5585
Z44106,13578,11129,2449
Z44107,27462,24641,2821
Z44108,15060,9644,5416
Z44109,19809,16999,2810
Z44110,12072,8989,3083
Z44111,19376,16927,2449
Z44112,15328,10077,5251
Z44113,10707,9057,1650
Z44114,4193,3456,737
Z44115,3917,3402,515
Z44116,9795,8999,796
Z44117,5849,4865,984
Z44118,18268,15694,2574
Z44119,6430,5297,1133
Z44120,21709,16314,5395
Z44121,15157,13717,1440
Z44122,15012,13553,1459
Z44123,9188,7727,1461
Z44124,18499,16986,1513
Z44125,13371,11674,1697
Z44126,7622,7256,366
Z44127,3022,2042,980
Z44128,15041,12759,2282
Z44129,12743,11709,1034
Z44130,23073,21765,1308
Z44131,8540,8181,359
Z44132,7697,6650,1047
Z44133,13064,12685,379
Z44134,17192,15935,1257
Z44135,12996,11992,1004
Z44136,10850,10255,595
Z44137,11056,9508,1548
Z44138,9504,8850,654
Z44139,9205,8608,597
Z44140,6313,6016,297
Z44141,5757,5419,338
Z44142,7798,7565,233
Z44143,12039,10957,1082
Z44144,10139,9426,713
Z44145,14856,13766,1090
Z44146,15415,13232,2183
Z44147,7820,7486,334
Z44149,7596,7198,398
Z44201,2804,2611,193
Z44202,8159,7660,499
Z44203,17821,16010,1811
Z44212,17825,17047,778
Z44214,747,705,42
Z44215,1149,917,232
Z44216,3995,3568,427
Z44217,1658,1568,90
Z44221,14431,13489,942
Z44223,8220,7502,718
Z44224,16684,15653,1031
Z44230,3503,3319,184
Z44231,3438,3227,211
Z44233,3074,2812,262
Z44234,1416,1361,55
Z44235,709,629,80
Z44236,9307,9048,259
Z44240,18346,15779,2567
Z44241,7362,6681,681
Z44243,0,0,0
Z44250,477,404,73
Z44251,420,377,43
Z44253,1200,1139,61
Z44254,2074,1931,143
Z44255,3275,3121,154
Z44256,24821,23322,1499
Z44260,5288,5095,193
Z44262,2133,2055,78
Z44264,1139,1057,82
Z44265,0,0,0
Z44266,14465,13101,1364
Z44270,3604,3298,306
Z44272,2024,1824,200
Z44273,2790,2701,89
Z44274,76,76,0
Z44275,1292,1146,146
Z44276,729,665,64
Z44278,7306,6881,425
Z44280,1849,1739,110
Z44281,12499,11692,807
Z44285,28,14,14
Z44286,2443,2372,71
Z44287,2903,2726,177
Z44288,1682,1359,323
Z44301,7125,6049,1076
Z44302,3131,2667,464
Z44303,4290,3554,736
Z44304,1887,1481,406
Z44305,10693,9619,1074
Z44306,10860,8892,1968
Z44307,4009,3217,792
Z44308,367,298,69
Z44310,11252,9691,1561
Z44311,3787,3119,668
Z44312,15046,13266,1780
Z44313,13595,11587,2008
Z44314,9190,8220,970
Z44319,10627,9664,963
Z44320,10012,8649,1363
Z44321,6414,5942,472
Z44333,8091,7459,632
Z44401,1222,1135,87
Z44402,1255,1140,115
Z44403,1820,1699,121
Z44404,756,668,88
Z44405,4041,3452,589
Z44406,9430,8686,744
Z44408,4738,4512,226
Z44410,7900,7514,386
Z44411,944,777,167
Z44412,1021,996,25
Z44413,3342,3091,251
Z44417,660,629,31
Z44418,594,556,38
Z44420,7434,6704,730
Z44423,1147,910,237
Z44425,6963,6527,436
Z44427,692,671,21
Z44428,1305,1173,132
Z44429,1426,1094,332
Z44430,1615,1437,178
Z44431,2032,1927,105
Z44432,4946,4359,587
Z44436,1622,1438,184
Z44437,1791,1732,59
Z44438,2116,1799,317
Z44439,20,20,0
Z44440,2087,1869,218
Z44441,693,663,30
Z44442,1678,1640,38
Z44443,845,757,88
Z44444,4675,4350,325
Z44445,1435,1297,138
Z44446,9706,8846,860
Z44449,828,441,387
Z44450,887,758,129
Z44451,1365,1218,147
Z44452,1325,1124,201
Z44454,392,392,0
Z44455,670,607,63
Z44460,11867,10912,955
Z44470,1620,1521,99
Z44471,5036,4384,652
Z44473,1763,1575,188
Z44481,4807,4462,345
Z44483,12504,11064,1440
Z44484,10964,9932,1032
Z44485,8255,7086,1169
Z44490,391,361,30
Z44491,1037,951,86
Z44493,24,24,0
Z44502,5139,4095,1044
Z44503,461,401,60
Z44504,2440,1810,630
Z44505,9292,7606,1686
Z44506,1271,901,370
Z44507,3002,1982,1020
Z44509,5983,5185,798
Z44510,1220,1026,194
Z44511,9769,8433,1336
Z44512,16498,15047,1451
Z44514,10061,9455,606
Z44515,13152,11899,1253
Z44601,15181,13546,1635
Z44606,2262,2169,93
Z44607,88,64,24
Z44608,1090,1005,85
Z44609,1878,1668,210
Z44610,86,86,0
Z44611,739,666,73
Z44612,2191,2152,39
Z44613,893,846,47
Z44614,5189,4977,212
Z44615,5288,4235,1053
Z44618,2467,2341,126
Z44620,694,574,120
Z44621,2169,1867,302
Z44622,8080,7538,542
Z44624,1626,1538,88
Z44625,642,594,48
Z44626,1311,1249,62
Z44627,1697,1663,34
Z44628,578,396,182
Z44629,989,933,56
Z44632,3791,3619,172
Z44633,1072,977,95
Z44634,900,837,63
Z44637,1223,1163,60
Z44638,707,594,113
Z44640,79,69,10
Z44641,8362,7912,450
Z44643,1344,1183,161
Z44644,2292,1816,476
Z44645,905,873,32
Z44646,20269,18372,1897
Z44647,8024,7403,621
Z44651,308,245,63
Z44652,15,15,0
Z44653,230,225,5
Z44654,6057,5675,382
Z44656,1480,1247,233
Z44657,4422,4030,392
Z44659,58,55,3
Z44661,83,82,1
Z44662,3907,3657,250
Z44663,11012,10235,777
Z44666,1202,1045,157
Z44667,5752,5434,318
Z44669,546,511,35
Z44670,187,158,29
Z44671,172,131,41
Z44672,2388,2065,323
Z44675,1192,934,258
Z44676,1954,1795,159
Z44677,981,917,64
Z44678,50,50,0
Z44680,2004,1863,141
Z44681,2648,2503,145
Z44682,377,366,11
Z44683,3871,3376,495
Z44685,10782,10145,637
Z44687,9,9,0
Z44688,1347,1300,47
Z44689,214,187,27
Z44690,46,46,0
Z44691,18923,17596,1327
Z44693,54,28,26
Z44695,830,650,180
Z44697,99,98,1
Z44699,344,299,45
Z44702,676,550,126
Z44703,4804,3793,1011
Z44704,2084,1535,549
Z44705,8248,7210,1038
Z44706,7642,6984,658
Z44707,4507,3816,691
Z44708,12037,10670,1367
Z44709,9514,8225,1289
Z44710,4477,4166,311
Z44714,4209,3803,406
Z44718,5678,5216,462
Z44720,17157,16184,973
Z44721,5402,5353,49
Z44730,2462,2298,164
Z44802,362,339,23
Z44804,519,480,39
Z44805,13820,12793,1027
Z44807,1123,963,160
Z44809,149,149,0
Z44811,5484,4972,512
Z44813,3191,2937,254
Z44814,1114,1033,81
Z44815,275,253,22
Z44816,36,36,0
Z44817,700,611,89
Z44818,1056,959,97
Z44820,8462,7563,899
Z44822,1113,1061,52
Z44824,1622,1547,75
Z44825,19,19,0
Z44826,718,616,102
Z44827,3236,2804,432
Z44828,47,12,35
Z44830,8714,7798,916
Z44833,8138,7147,991
Z44836,951,872,79
Z44837,1771,1630,141
Z44838,102,98,4
Z44839,6396,5258,1138
Z44840,1255,1195,60
Z44841,265,234,31
Z44842,2360,2173,187
Z44843,993,944,49
Z44844,258,216,42
Z44846,1178,1067,111
Z44847,1657,1554,103
Z44849,968,881,87
Z44850,7,7,0
Z44851,2076,1830,246
Z44853,501,490,11
Z44854,732,672,60
Z44855,501,450,51
Z44856,88,83,5
Z44857,10120,9194,926
Z44859,612,500,112
Z44861,30,30,0
Z44864,1537,1349,188
Z44865,1481,1309,172
Z44866,794,726,68
Z44867,998,866,132
Z44870,20254,17279,2975
Z44874,131,115,16
Z44875,6393,5678,715
Z44878,1145,1097,48
Z44880,996,976,20
Z44881,9,9,0
Z44882,1226,1119,107
Z44883,12291,11013,1278
Z44887,470,415,55
Z44889,2749,2602,147
Z44890,4833,4274,559
Z44901,0,0,0
Z44902,2591,1695,896
Z44903,11387,9982,1405
Z44904,6137,5760,377
Z44905,5247,4685,562
Z44906,7941,7198,743
Z44907,7499,6445,1054
Z45001,301,218,83
Z45002,5299,4910,389
Z45003,342,283,59
Z45005,12746,11927,819
Z45011,26249,23393,2856
Z45013,22508,20374,2134
Z45014,19644,17757,1887
Z45015,5219,4675,544
Z45030,7681,7056,625
Z45032,145,134,11
Z45033,157,145,12
Z45034,396,396,0
Z45036,13256,12321,935
Z45039,8904,8432,472
Z45040,19402,18578,824
Z45041,51,21,30
Z45042,11971,10478,1493
Z45044,21904,19356,2548
Z45050,3443,3165,278
Z45051,6,6,0
Z45052,1579,1546,33
Z45053,1239,1199,40
Z45054,1098,1020,78
Z45056,9233,7823,1410
Z45062,349,309,40
Z45064,1044,972,72
Z45065,2082,1895,187
Z45066,8526,8222,304
Z45067,5245,4980,265
Z45068,4356,4188,168
Z45069,18955,18248,707
Z45070,98,83,15
Z45101,1186,965,221
Z45102,9547,8807,740
Z45103,13249,12097,1152
Z45106,4931,4518,413
Z45107,3910,3358,552
Z45111,132,117,15
Z45112,43,20,23
Z45113,1494,1346,148
Z45115,51,51,0
Z45118,1561,1343,218
Z45120,1432,1178,254
Z45121,4004,3483,521
Z45122,4327,3899,428
Z45123,3701,3340,361
Z45130,1492,1348,144
Z45131,131,108,23
Z45132,120,92,28
Z45133,11095,9449,1646
Z45135,1931,1778,153
Z45140,20595,19422,1173
Z45142,1519,1379,140
Z45144,2306,1862,444
Z45145,0,0,0
Z45146,584,524,60
Z45147,48,29,19
Z45148,592,516,76
Z45150,13739,12606,1133
Z45152,4310,4029,281
Z45153,757,629,128
Z45154,3438,3159,279
Z45155,118,105,13
Z45156,32,26,6
Z45157,3900,3546,354
Z45158,133,123,10
Z45159,1319,1165,154
Z45160,477,404,73
Z45162,1061,959,102
Z45164,101,87,14
Z45166,49,49,0
Z45167,1998,1514,484
Z45168,679,540,139
Z45169,1952,1783,169
Z45171,2798,2442,356
Z45172,57,42,15
Z45174,794,760,34
Z45176,3490,3140,350
Z45177,9998,8945,1053
Z45202,10199,7233,2966
Z45203,1603,1434,169
Z45204,3772,2814,958
Z45205,9313,7191,2122
Z45206,7559,5934,1625
Z45207,3092,2217,875
Z45208,9633,8908,725
Z45209,6275,5508,767
Z45211,18665,16177,2488
Z45212,11753,10015,1738
Z45213,6212,5462,750
Z45214,4874,3313,1561
Z45215,14093,12429,1664
Z45216,4994,4113,881
Z45217,3341,2761,580
Z45218,1679,1452,227
Z45219,7579,5727,1852
Z45220,7687,6587,1100
Z45223,7146,5561,1585
Z45224,9823,8889,934
Z45225,4570,3650,920
Z45226,2914,2423,491
Z45227,9434,8181,1253
Z45229,8107,5715,2392
Z45230,12685,11538,1147
Z45231,17941,16425,1516
Z45232,2712,2458,254
Z45233,5712,5448,264
Z45236,11735,10864,871
Z45237,10248,8787,1461
Z45238,20205,18593,1612
Z45239,13058,11464,1594
Z45240,11139,10320,819
Z45241,9923,9556,367
Z45242,9390,8802,588
Z45243,5721,5510,211
Z45244,10697,10161,536
Z45245,8694,8095,599
Z45246,6333,5706,627
Z45247,9473,8961,512
Z45248,10069,9607,462
Z45249,5418,5284,134
Z45251,8917,8316,601
Z45252,1992,1863,129
Z45255,8885,8411,474
Z45301,56,56,0
Z45302,1431,1365,66
Z45303,861,854,7
Z45304,3002,2747,255
Z45305,4355,4208,147
Z45306,967,946,21
Z45307,128,105,23
Z45308,1812,1588,224
Z45309,5523,5251,272
Z45310,108,100,8
Z45311,2787,2380,407
Z45312,623,543,80
Z45314,1648,1468,180
Z45315,1801,1658,143
Z45316,72,55,17
Z45317,375,316,59
Z45318,2382,2140,242
Z45319,148,138,10
Z45320,6543,5976,567
Z45321,392,365,27
Z45322,9257,8631,626
Z45323,2366,2329,37
Z45324,18601,16873,1728
Z45325,1036,909,127
Z45326,404,356,48
Z45327,4011,3632,379
Z45328,225,206,19
Z45330,385,352,33
Z45331,10762,9874,888
Z45332,337,282,55
Z45333,400,400,0
Z45334,947,850,97
Z45335,2686,2498,188
Z45336,52,52,0
Z45337,694,667,27
Z45338,2097,1921,176
Z45339,589,565,24
Z45340,198,198,0
Z45341,1757,1554,203
Z45342,17052,15734,1318
Z45344,6663,6108,555
Z45345,2789,2569,220
Z45346,913,840,73
Z45347,1948,1789,159
Z45348,325,320,5
Z45349,129,118,11
Z45350,44,35,9
Z45351,109,99,10
Z45352,83,75,8
Z45353,89,89,0
Z45354,290,248,42
Z45356,11126,10318,808
Z45358,138,132,6
Z45359,747,666,81
Z45360,198,173,25
Z45361,124,124,0
Z45362,551,524,27
Z45363,631,612,19
Z45365,13178,11872,1306
Z45368,1931,1834,97
Z45369,1415,1310,105
Z45370,1008,922,86
Z45371,7918,7457,461
Z45372,188,168,20
Z45373,15207,14130,1077
Z45377,6646,6202,444
Z45378,138,119,19
Z45380,2028,1813,215
Z45381,2384,2108,276
Z45382,509,449,60
Z45383,3243,3058,185
Z45384,109,48,61
Z45385,16474,15359,1115
Z45387,2560,2424,136
Z45388,272,267,5
Z45389,242,222,20
Z45390,1411,1298,113
Z45402,6618,4716,1902
Z45403,7747,6117,1630
Z45404,4998,4025,973
Z45405,12003,8010,3993
Z45406,12434,9069,3365
Z45409,3493,3078,415
Z45410,8478,6795,1683
Z45414,9675,8758,917
Z45415,5907,5335,572
Z45416,2504,2252,252
Z45417,16514,12742,3772
Z45418,696,661,35
Z45419,6995,6480,515
Z45420,12787,11687,1100
Z45424,20613,19453,1160
Z45426,7910,6648,1262
Z45428,0,0,0
Z45429,12561,11541,1020
Z45430,3052,2912,140
Z45431,12277,11419,858
Z45432,6652,6162,490
Z45433,656,640,16
Z45434,4579,4416,163
Z45439,4509,4092,417
Z45440,9693,9186,507
Z45449,8934,8238,696
Z45458,13404,12710,694
Z45459,13000,12408,592
Z45502,6613,6152,461
Z45503,15536,14179,1357
Z45504,7733,6921,812
Z45505,9520,8073,1447
Z45506,6782,5484,1298
Z45601,23284,20538,2746
Z45612,2439,2196,243
Z45613,1414,1222,192
Z45614,2239,1776,463
Z45616,780,530,250
Z45617,77,77,0
Z45618,5,5,0
Z45619,3581,2967,614
Z45620,557,522,35
Z45621,185,151,34
Z45622,81,70,11
Z45623,1611,1222,389
Z45624,0,0,0
Z45628,2110,1723,387
Z45629,1207,1149,58
Z45630,72,50,22
Z45631,6829,5938,891
Z45634,882,745,137
Z45636,60,60,0
Z45638,9784,8357,1427
Z45640,6984,6380,604
Z45642,0,0,0
Z45644,1808,1730,78
Z45645,1472,1325,147
Z45646,183,132,51
Z45647,979,834,145
Z45648,4954,4618,336
Z45650,163,140,23
Z45651,2751,2237,514
Z45652,1643,1517,126
Z45653,1999,1731,268
Z45654,433,369,64
Z45656,2987,2655,332
Z45657,1123,893,230
Z45658,1136,868,268
Z45659,1188,982,206
Z45660,3682,3124,558
Z45661,3246,2783,463
Z45662,13843,11808,2035
Z45663,2800,2395,405
Z45669,4519,3965,554
Z45671,229,171,58
Z45672,742,515,227
Z45673,189,142,47
Z45674,177,155,22
Z45678,577,511,66
Z45679,1322,1008,314
Z45680,5237,4611,626
Z45681,718,702,16
Z45682,1073,946,127
Z45684,844,782,62
Z45685,454,414,40
Z45686,1587,1275,312
Z45688,270,211,59
Z45690,6492,5627,865
Z45692,3977,3405,572
Z45693,3669,3138,531
Z45694,5104,4541,563
Z45695,343,277,66
Z45696,648,526,122
Z45697,2099,1949,150
Z45698,257,174,83
Z45701,12714,11005,1709
Z45710,2524,2246,278
Z45711,534,430,104
Z45714,4486,4196,290
Z45715,1192,1000,192
Z45716,218,168,50
Z45719,596,483,113
Z45721,47,23,24
Z45723,1553,1363,190
Z45724,841,709,132
Z45727,208,178,30
Z45729,529,449,80
Z45732,2091,1717,374
Z45734,348,196,152
Z45735,823,717,106
Z45740,223,186,37
Z45741,494,442,52
Z45742,1244,1200,44
Z45743,692,546,146
Z45744,1130,929,201
Z45745,594,500,94
Z45746,192,184,8
Z45750,12710,11374,1336
Z45760,1790,1378,412
Z45761,767,660,107
Z45764,3790,3184,606
Z45766,495,445,50
Z45767,1410,1171,239
Z45768,752,652,100
Z45769,3173,2721,452
Z45770,261,209,52
Z45771,1586,1388,198
Z45772,971,824,147
Z45773,98,98,0
Z45775,556,485,71
Z45776,299,271,28
Z45778,397,339,58
Z45779,285,240,45
Z45780,1647,1355,292
Z45782,190,139,51
Z45784,1357,1168,189
Z45786,1471,1366,105
Z45787,15,15,0
Z45788,622,474,148
Z45789,93,57,36
Z45801,9854,8329,1525
Z45804,7426,6088,1338
Z45805,10275,9402,873
Z45806,4947,4588,359
Z45807,4916,4610,306
Z45808,163,156,7
Z45809,49,49,0
Z45810,3118,2698,420
Z45812,900,737,163
Z45813,1523,1451,72
Z45814,1146,1107,39
Z45816,172,163,9
Z45817,2631,2436,195
Z45819,132,121,11
Z45820,201,174,27
Z45821,610,549,61
Z45822,9521,8068,1453
Z45826,156,155,1
Z45827,802,695,107
Z45828,2459,2396,63
Z45830,2470,2311,159
Z45831,1333,1278,55
Z45832,1268,1175,93
Z45833,4545,4225,320
Z45835,231,225,6
Z45836,689,583,106
Z45838,8,8,0
Z45840,24691,23235,1456
Z45841,324,310,14
Z45843,1639,1487,152
Z45844,1355,1298,57
Z45845,1121,1064,57
Z45846,1426,1408,18
Z45849,481,440,41
Z45850,1390,1270,120
Z45851,284,225,59
Z45853,546,538,8
Z45854,211,187,24
Z45855,81,77,4
Z45856,2075,1914,161
Z45858,1287,1171,116
Z45859,191,159,32
Z45860,793,746,47
Z45861,89,53,36
Z45862,626,602,24
Z45863,451,402,49
Z45864,70,66,4
Z45865,1896,1800,96
Z45866,141,103,38
Z45867,388,350,38
Z45868,277,254,23
Z45869,1829,1777,52
Z45870,67,67,0
Z45871,753,732,21
Z45872,1675,1562,113
Z45873,1043,834,209
Z45874,991,879,112
Z45875,4509,4331,178
Z45876,296,295,1
Z45877,850,815,35
Z45879,2863,2594,269
Z45880,1107,1006,101
Z45881,593,569,24
Z45882,1128,1077,51
Z45883,1283,1256,27
Z45884,62,62,0
Z45885,5831,5120,711
Z45886,264,240,24
Z45887,1716,1619,97
Z45888,108,103,5
Z45889,484,482,2
Z45890,246,221,25
Z45891,6747,6112,635
Z45894,295,230,65
Z45895,7635,7123,512
Z45896,862,826,36
Z45897,69,69,0
Z45898,581,475,106
Z45899,119,95,24
Z46001,4889,4275,614
Z46011,7481,6901,580
Z46012,8501,7572,929
Z46013,8979,8099,880
Z46016,9918,7376,2542
Z46017,2710,2431,279
Z46030,1378,1242,136
Z46031,879,830,49
Z46032,18723,17456,1267
Z46033,13086,12790,296
Z46034,2896,2748,148
Z46035,494,407,87
Z46036,5360,4550,810
Z46037,13599,13041,558
Z46038,16318,15820,498
Z46039,262,244,18
Z46040,4089,3840,249
Z46041,9677,8436,1241
Z46044,1240,1118,122
Z46045,54,27,27
Z46047,53,53,0
Z46048,813,725,88
Z46049,388,312,76
Z46050,651,623,28
Z46051,1276,1220,56
Z46052,9881,9066,815
Z46055,4099,3502,597
Z46056,952,899,53
Z46057,394,379,15
Z46058,845,778,67
Z46060,14728,13869,859
Z46062,12664,12040,624
Z46063,174,133,41
Z46064,5463,5063,400
Z46065,1299,1143,156
Z46068,1179,1090,89
Z46069,3200,2772,428
Z46070,1052,914,138
Z46071,1484,1356,128
Z46072,4219,3903,316
Z46074,10631,10244,387
Z46075,1606,1498,108
Z46076,763,706,57
Z46077,9944,9516,428
Z46103,64,59,5
Z46104,411,388,23
Z46105,986,803,183
Z46106,2637,2343,294
Z46107,5175,4808,367
Z46110,186,186,0
Z46111,137,123,14
Z46112,12978,12681,297
Z46113,5635,5165,470
Z46115,819,763,56
Z46117,254,243,11
Z46118,2012,1864,148
Z46120,2493,2171,322
Z46121,2432,2179,253
Z46122,5877,5629,248
Z46123,12325,11751,574
Z46124,3008,2781,227
Z46125,24,24,0
Z46126,2107,1994,113
Z46127,184,139,45
Z46128,708,694,14
Z46130,967,941,26
Z46131,12518,11343,1175
Z46133,313,247,66
Z46135,7406,6241,1165
Z46140,16078,14717,1361
Z46142,12195,11254,941
Z46143,21094,19496,1598
Z46144,83,83,0
Z46146,32,32,0
Z46147,1500,1403,97
Z46148,2380,2020,360
Z46149,928,882,46
Z46150,292,251,41
Z46151,12531,11328,1203
Z46155,52,29,23
Z46156,658,615,43
Z46157,1418,1370,48
Z46158,9297,8653,644
Z46160,2748,2280,468
Z46161,1134,1051,83
Z46162,178,178,0
Z46163,4379,4219,160
Z46164,2723,1631,1092
Z46165,562,537,25
Z46166,905,870,35
Z46167,2122,2030,92
Z46168,12834,11774,1060
Z46171,796,610,186
Z46172,1107,980,127
Z46173,4884,4576,308
Z46175,229,205,24
Z46176,12240,10795,1445
Z46180,309,290,19
Z46181,1857,1623,234
Z46182,676,539,137
Z46183,62,62,0
Z46184,4870,4518,352
Z46186,669,633,36
Z46201,16926,12166,4760
Z46202,10507,8697,1810
Z46203,17394,14208,3186
Z46204,3576,3222,354
Z46205,14155,11473,2682
Z46208,12167,8918,3249
Z46214,11921,10150,1771
Z46216,1135,1072,63
Z46217,12501,12015,486
Z46218,15153,11522,3631
Z46219,16751,14661,2090
Z46220,17529,16312,1217
Z46221,10509,9339,1170
Z46222,15507,12112,3395
Z46224,16955,14345,2610
Z46225,3653,2685,968
Z46226,20765,17395,3370
Z46227,25778,23279,2499
Z46228,6450,5801,649
Z46229,11483,10198,1285
Z46231,3819,3557,262
Z46234,10505,9562,943
Z46235,13609,11513,2096
Z46236,10206,9836,370
Z46237,16514,15283,1231
Z46239,10121,9434,687
Z46240,10284,9230,1054
Z46241,12465,10979,1486
Z46250,9665,8900,765
Z46254,16510,14802,1708
Z46256,10790,10188,602
Z46259,3886,3703,183
Z46260,15064,13197,1867
Z46268,11710,11039,671
Z46278,2959,2680,279
Z46280,3221,3036,185
Z46290,111,111,0
Z46301,503,293,210
Z46303,5502,4949,553
Z46304,9892,9276,616
Z46307,23741,22587,1154
Z46310,5418,4835,583
Z46311,7901,7608,293
Z46312,13376,10106,3270
Z46319,7346,6807,539
Z46320,6311,5159,1152
Z46321,9186,8659,527
Z46322,9917,9441,476
Z46323,9107,8226,881
Z46324,9385,8286,1099
Z46327,4463,3721,742
Z46340,387,356,31
Z46341,3865,3687,178
Z46342,12894,12165,729
Z46345,114,103,11
Z46346,623,564,59
Z46347,1875,1739,136
Z46348,454,431,23
Z46349,1346,1274,72
Z46350,18598,17164,1434
Z46356,6472,5987,485
Z46360,21113,17858,3255
Z46365,471,414,57
Z46366,2397,2166,231
Z46368,16119,14832,1287
Z46371,1631,1420,211
Z46373,5284,5209,75
Z46374,470,399,71
Z46375,9836,9269,567
Z46376,140,130,10
Z46377,170,170,0
Z46379,123,123,0
Z46381,46,46,0
Z46382,818,761,57
Z46383,16432,15109,1323
Z46385,15074,14471,603
Z46390,1273,1168,105
Z46391,2261,2048,213
Z46392,3262,2957,305
Z46393,217,117,100
Z46394,5557,4642,915
Z46402,3853,2580,1273
Z46403,6817,5532,1285
Z46404,8562,6704,1858
Z46405,4513,3968,545
Z46406,4519,3783,736
Z46407,7501,4915,2586
Z46408,8087,5998,2089
Z46409,4477,2926,1551
Z46410,16368,15165,1203
Z46501,1514,1318,196
Z46502,101,101,0
Z46504,1505,1415,90
Z46506,3754,3507,247
Z46507,3911,3466,445
Z46508,74,57,17
Z46510,1872,1365,507
Z46511,2641,1717,924
Z46514,17841,15722,2119
Z46516,13764,11793,1971
Z46517,9189,8387,802
Z46524,929,839,90
Z46526,12204,11463,741
Z46528,8789,8231,558
Z46530,11262,10848,414
Z46531,573,573,0
Z46532,835,788,47
Z46534,5621,4307,1314
Z46536,1554,1376,178
Z46537,225,192,33
Z46538,2693,1506,1187
Z46539,894,771,123
Z46540,3796,3581,215
Z46542,1640,1445,195
Z46543,1036,989,47
Z46544,13762,12549,1213
Z46545,12301,10507,1794
Z46550,4528,4102,426
Z46552,2991,2695,296
Z46553,1072,1072,0
Z46554,2148,1975,173
Z46555,2200,1208,992
Z46556,309,251,58
Z46561,5149,4944,205
Z46562,2243,1972,271
Z46563,9901,8785,1116
Z46565,2448,2261,187
Z46567,5778,3825,1953
Z46570,482,398,84
Z46571,1468,1421,47
Z46573,1360,1281,79
Z46574,4055,3164,891
Z46580,9107,8375,732
Z46582,5669,4652,1017
Z46590,1938,1670,268
Z46595,44,44,0
Z46601,2943,2510,433
Z46613,4829,3814,1015
Z46614,13687,12563,1124
Z46615,7045,6005,1040
Z46616,2934,2308,626
Z46617,4666,3789,877
Z46619,8567,7428,1139
Z46628,11601,9961,1640
Z46635,2869,2547,322
Z46637,7401,6451,950
Z46701,3543,3167,376
Z46702,1061,997,64
Z46703,9181,6742,2439
Z46704,22,22,0
Z46705,767,619,148
Z46706,8036,7526,510
Z46710,1734,1594,140
Z46711,2728,2454,274
Z46714,6341,5811,530
Z46721,2069,1897,172
Z46723,3163,2973,190
Z46725,10229,9286,943
Z46730,606,472,134
Z46731,216,216,0
Z46732,1414,1140,274
Z46733,7993,7469,524
Z46737,4957,3031,1926
Z46738,3242,3069,173
Z46740,1373,1300,73
Z46741,1567,1490,77
Z46742,2136,1378,758
Z46743,755,719,36
Z46745,820,797,23
Z46746,1791,1487,304
Z46747,1690,1215,475
Z46748,2038,1953,85
Z46750,11467,10415,1052
Z46755,6558,6178,380
Z46759,179,149,30
Z46760,591,579,12
Z46761,4664,3869,795
Z46763,741,687,54
Z46764,506,419,87
Z46765,1858,1764,94
Z46766,275,275,0
Z46767,2847,2677,170
Z46770,1149,1072,77
Z46771,0,0,0
Z46772,900,866,34
Z46773,1421,1283,138
Z46774,6557,6327,230
Z46776,923,555,368
Z46777,2600,2454,146
Z46779,1107,921,186
Z46781,353,329,24
Z46783,2572,2340,232
Z46784,1344,882,462
Z46785,594,574,20
Z46786,66,66,0
Z46787,1563,1423,140
Z46788,1155,1109,46
Z46791,402,398,4
Z46792,1658,1545,113
Z46793,1595,1517,78
Z46794,797,599,198
Z46795,3490,2328,1162
Z46797,1542,1481,61
Z46798,690,643,47
Z46799,98,84,14
Z46802,5797,4566,1231
Z46803,4382,3472,910
Z46804,12243,11720,523
Z46805,10131,8730,1401
Z46806,10370,8526,1844
Z46807,6751,5898,853
Z46808,8786,7835,951
Z46809,4209,3773,436
Z46814,4313,4233,80
Z46815,11270,10454,816
Z46816,8514,7576,938
Z46818,7881,7582,299
Z46819,4064,3782,282
Z46825,12782,12076,706
Z46835,14828,14020,808
Z46845,8097,7743,354
Z46901,18482,16014,2468
Z46902,16956,15381,1575
Z46910,1450,1163,287
Z46911,598,476,122
Z46913,460,434,26
Z46914,700,585,115
Z46915,334,287,47
Z46917,839,734,105
Z46919,1033,972,61
Z46920,375,350,25
Z46922,8,8,0
Z46923,3436,3194,242
Z46926,756,680,76
Z46928,2042,1803,239
Z46929,1500,1221,279
Z46930,48,36,12
Z46931,76,72,4
Z46932,1598,1429,169
Z46933,2914,2549,365
Z46936,2546,2346,200
Z46938,1338,1177,161
Z46939,962,763,199
Z46940,1057,1014,43
Z46941,457,415,42
Z46943,63,63,0
Z46946,34,34,0
Z46947,11878,10564,1314
Z46950,332,291,41
Z46951,1048,717,331
Z46952,9412,8574,838
Z46953,10294,8652,1642
Z46957,261,223,38
Z46958,211,211,0
Z46959,224,187,37
Z46960,495,411,84
Z46961,74,62,12
Z46962,4011,3638,373
Z46967,67,54,13
Z46968,58,58,0
Z46970,10193,8627,1566
Z46974,699,625,74
Z46975,6827,5751,1076
Z46978,949,846,103
Z46979,1823,1734,89
Z46982,1119,917,202
Z46984,119,119,0
Z46985,693,555,138
Z46986,988,750,238
Z46987,323,295,28
Z46988,346,346,0
Z46989,1502,1343,159
Z46990,321,321,0
Z46991,867,742,125
Z46992,7543,6876,667
Z46994,1185,1026,159
Z46996,3259,2783,476
Z46998,74,74,0
Z47001,4692,4227,465
Z47003,458,417,41
Z47006,4681,4350,331
Z47010,172,146,26
Z47011,356,241,115
Z47012,4379,4003,376
Z47016,326,326,0
Z47017,173,135,38
Z47018,1958,1674,284
Z47020,644,538,106
Z47022,1156,1146,10
Z47023,597,556,41
Z47024,1322,1191,131
Z47025,9115,8403,712
Z47030,616,567,49
Z47031,2293,2118,175
Z47032,1207,1131,76
Z47034,74,55,19
Z47035,163,163,0
Z47036,364,345,19
Z47037,2055,1790,265
Z47038,876,656,220
Z47040,2403,2102,301
Z47041,2460,2250,210
Z47042,1864,1673,191
Z47043,2616,2079,537
Z47060,2584,2464,120
Z47102,3261,2907,354
Z47104,16,16,0
Z47106,2028,1636,392
Z47108,1067,822,245
Z47110,223,183,40
Z47111,6160,5453,707
Z47112,7168,6464,704
Z47114,137,133,4
Z47115,1111,884,227
Z47116,450,307,143
Z47117,1837,1518,319
Z47118,1668,1380,288
Z47119,4252,3952,300
Z47120,327,317,10
Z47122,4047,3789,258
Z47123,52,52,0
Z47124,1428,1350,78
Z47125,678,590,88
Z47126,1756,1496,260
Z47129,9325,8217,1108
Z47130,20335,17544,2791
Z47135,647,552,95
Z47136,1682,1653,29
Z47137,696,502,194
Z47138,1809,1722,87
Z47140,1037,878,159
Z47141,715,609,106
Z47142,452,391,61
Z47143,1142,1081,61
Z47145,891,731,160
Z47147,442,442,0
Z47150,21860,19346,2514
Z47160,21,13,8
Z47161,1504,1245,259
Z47162,326,311,15
Z47163,698,690,8
Z47164,1599,1389,210
Z47165,2746,2366,380
Z47166,647,557,90
Z47167,6471,5739,732
Z47170,6497,5325,1172
Z47172,6153,5891,262
Z47175,455,334,121
Z47177,440,425,15
Z47201,18656,16850,1806
Z47203,11086,10404,682
Z47220,2309,2104,205
Z47223,742,643,99
Z47224,241,218,23
Z47226,100,87,13
Z47227,797,750,47
Z47229,1345,1176,169
Z47230,657,632,25
Z47231,533,442,91
Z47232,1133,996,137
Z47234,611,577,34
Z47235,648,525,123
Z47240,8969,8170,799
Z47243,2076,1863,213
Z47244,329,292,37
Z47246,1838,1697,141
Z47247,68,55,13
Z47250,10507,9238,1269
Z47260,724,643,81
Z47263,83,67,16
Z47264,746,680,66
Z47265,8899,7764,1135
Z47270,238,228,10
Z47272,926,776,150
Z47273,671,609,62
Z47274,12900,11546,1354
Z47280,314,314,0
Z47281,658,583,75
Z47282,149,119,30
Z47283,1407,1180,227
Z47302,13400,11493,1907
Z47303,11584,10112,1472
Z47304,14239,12888,1351
Z47305,2560,1692,868
Z47306,12,4,8
Z47320,1795,1682,113
Z47324,75,69,6
Z47325,238,214,24
Z47326,689,625,64
Z47327,2004,1799,205
Z47330,2406,2210,196
Z47331,10463,9039,1424
Z47334,1426,1334,92
Z47335,368,310,58
Z47336,1724,1433,291
Z47337,85,71,14
Z47338,1318,1092,226
Z47339,270,259,11
Z47340,1358,1205,153
Z47341,905,833,72
Z47342,1354,1254,100
Z47344,46,38,8
Z47345,559,518,41
Z47346,1751,1607,144
Z47348,4646,4042,604
Z47351,154,131,23
Z47352,386,364,22
Z47353,2516,2344,172
Z47354,518,435,83
Z47355,1271,1156,115
Z47356,2409,2168,241
Z47357,518,466,52
Z47358,451,406,45
Z47359,1430,1239,191
Z47360,566,527,39
Z47361,95,70,25
Z47362,13072,10902,2170
Z47367,45,45,0
Z47368,1409,1207,202
Z47369,633,551,82
Z47371,5403,4860,543
Z47373,995,874,121
Z47374,21952,18767,3185
Z47380,824,726,98
Z47381,56,56,0
Z47382,112,80,32
Z47383,1280,1080,200
Z47384,828,712,116
Z47385,673,604,69
Z47386,536,518,18
Z47387,260,251,9
Z47388,159,131,28
Z47390,2447,2151,296
Z47393,599,522,77
Z47394,3656,3396,260
Z47396,3027,2824,203
Z47401,18883,17055,1828
Z47403,14619,13570,1049
Z47404,10202,9061,1141
Z47405,3,3,0
Z47406,0,0,0
Z47408,10771,9712,1059
Z47420,67,32,35
Z47421,12822,11265,1557
Z47424,4373,3599,774
Z47427,516,440,76
Z47429,3773,3550,223
Z47431,640,535,105
Z47432,2199,1936,263
Z47433,1787,1548,239
Z47434,18,18,0
Z47436,736,609,127
Z47437,0,0,0
Z47438,2303,1826,477
Z47441,4278,3691,587
Z47443,562,481,81
Z47446,4757,4317,440
Z47448,4133,3126,1007
Z47449,185,177,8
Z47451,526,476,50
Z47452,2096,1832,264
Z47453,253,180,73
Z47454,3635,3039,596
Z47455,11,0,11
Z47456,554,472,82
Z47457,58,47,11
Z47458,0,0,0
Z47459,1719,1500,219
Z47460,5019,4497,522
Z47462,1826,1732,94
Z47464,98,89,9
Z47465,293,260,33
Z47467,15,15,0
Z47468,815,484,331
Z47469,886,722,164
Z47470,888,715,173
Z47471,1081,929,152
Z47501,7438,6734,704
Z47512,1976,1558,418
Z47513,1447,945,502
Z47514,108,108,0
Z47515,427,341,86
Z47516,624,543,81
Z47519,198,192,6
Z47520,1585,1262,323
Z47521,278,249,29
Z47522,141,109,32
Z47523,1452,1286,166
Z47524,209,155,54
Z47525,181,129,52
Z47527,840,769,71
Z47528,296,200,96
Z47529,532,447,85
Z47531,370,345,25
Z47532,1866,1812,54
Z47535,249,181,68
Z47536,0,0,0
Z47537,327,313,14
Z47541,539,517,22
Z47542,3712,3520,192
Z47546,9117,8171,946
Z47550,336,293,43
Z47551,360,327,33
Z47552,72,72,0
Z47553,3429,3233,196
Z47557,633,572,61
Z47558,1310,1250,60
Z47561,648,522,126
Z47562,1685,1604,81
Z47564,709,640,69
Z47567,2527,2282,245
Z47568,349,321,28
Z47574,93,66,27
Z47575,460,453,7
Z47576,90,90,0
Z47577,479,479,0
Z47578,363,302,61
Z47579,1095,991,104
Z47580,118,118,0
Z47581,1935,1599,336
Z47584,110,83,27
Z47585,217,188,29
Z47586,5182,4557,625
Z47588,335,273,62
Z47590,381,263,118
Z47591,11557,10371,1186
Z47596,52,52,0
Z47597,461,394,67
Z47598,1524,1334,190
Z47601,6257,5552,705
Z47610,2192,1940,252
Z47611,594,486,108
Z47612,400,358,42
Z47613,1141,1023,118
Z47615,681,541,140
Z47616,191,128,63
Z47619,679,605,74
Z47620,5732,5045,687
Z47630,13849,13192,657
Z47631,881,692,189
Z47633,1304,1223,81
Z47634,1025,886,139
Z47635,2532,2264,268
Z47637,562,505,57
Z47638,1605,1521,84
Z47639,1639,1476,163
Z47640,450,391,59
Z47648,1946,1821,125
Z47649,636,568,68
Z47654,23,21,2
Z47660,2277,2042,235
Z47665,1421,1269,152
Z47666,820,662,158
Z47670,5414,4786,628
Z47683,57,53,4
Z47708,261,199,62
Z47710,9451,8063,1388
Z47711,14423,12871,1552
Z47712,11388,10422,966
Z47713,6036,4579,1457
Z47714,15297,13515,1782
Z47715,13772,12729,1043
Z47720,7737,7045,692
Z47725,6247,6008,239
Z47802,14653,13044,1609
Z47803,9395,8116,1279
Z47804,5322,4537,785
Z47805,5398,4757,641
Z47807,6185,5044,1141
Z47809,0,0,0
Z47832,429,399,30
Z47833,557,511,46
Z47834,8688,7583,1105
Z47836,13,13,0
Z47837,516,450,66
Z47838,819,687,132
Z47840,809,683,126
Z47841,962,807,155
Z47842,4751,4165,586
Z47846,241,199,42
Z47847,458,379,79
Z47848,855,705,150
Z47849,184,162,22
Z47850,1144,981,163
Z47853,69,55,14
Z47854,362,341,21
Z47855,198,136,62
Z47857,195,178,17
Z47858,277,277,0
Z47859,463,403,60
Z47860,130,112,18
Z47861,235,208,27
Z47862,685,548,137
Z47863,90,90,0
Z47865,83,64,19
Z47866,233,189,44
Z47868,1576,1207,369
Z47869,78,46,32
Z47871,86,74,12
Z47872,3920,2731,1189
Z47874,1609,1424,185
Z47876,0,0,0
Z47879,1640,1442,198
Z47880,32,32,0
Z47881,173,162,11
Z47882,3838,3331,507
Z47884,67,57,10
Z47885,3846,3479,367
Z47901,2329,1959,370
Z47904,7536,6912,624
Z47905,17894,16996,898
Z47906,24876,22791,2085
Z47907,0,0,0
Z47909,17160,16022,1138
Z47916,36,21,15
Z47917,223,177,46
Z47918,2744,2441,303
Z47920,889,845,44
Z47921,522,440,82
Z47922,668,530,138
Z47923,1489,1342,147
Z47924,54,54,0
Z47925,113,88,25
Z47926,358,344,14
Z47928,909,804,105
Z47929,251,242,9
Z47930,559,471,88
Z47932,2293,2107,186
Z47933,12241,10906,1335
Z47940,595,497,98
Z47941,560,519,41
Z47942,336,304,32
Z47943,389,361,28
Z47944,1578,1375,203
Z47946,872,806,66
Z47948,669,548,121
Z47949,704,622,82
Z47950,364,291,73
Z47951,989,914,75
Z47952,1555,1180,375
Z47954,1002,901,101
Z47955,461,372,89
Z47957,841,734,107
Z47958,102,89,13
Z47959,1407,1052,355
Z47960,9904,6240,3664
Z47963,878,752,126
Z47964,61,61,0
Z47965,217,203,14
Z47966,203,181,22
Z47967,309,261,48
Z47968,356,284,72
Z47969,89,72,17
Z47970,906,833,73
Z47971,853,774,79
Z47974,583,478,105
Z47975,285,275,10
Z47977,872,786,86
Z47978,4473,4095,378
Z47980,464,428,36
Z47981,357,308,49
Z47982,78,67,11
Z47983,154,154,0
Z47987,1592,1544,48
Z47989,606,520,86
Z47990,749,694,55
Z47991,507,482,25
Z47992,636,580,56
Z47993,1655,1487,168
Z47994,205,164,41
Z47995,634,594,40
Z47997,67,59,8
Z48001,6295,5311,984
Z48002,1348,1233,115
Z48003,2314,2224,90
Z48005,2047,1980,67
Z48006,1521,1477,44
Z48009,9529,8835,694
Z48014,1638,1498,140
Z48015,4032,3694,338
Z48017,5734,5472,262
Z48021,13572,12258,1314
Z48022,979,933,46
Z48023,2255,1975,280
Z48025,5976,5706,270
Z48026,6609,6181,428
Z48027,1360,1281,79
Z48028,1500,550,950
Z48030,7948,6958,990
Z48032,887,829,58
Z48033,8534,7601,933
Z48034,8196,7092,1104
Z48035,15658,14516,1142
Z48036,9960,9238,722
Z48038,20206,19056,1150
Z48039,3509,3169,340
Z48040,4459,4208,251
Z48041,1764,1665,99
Z48042,9875,9661,214
Z48043,7574,6636,938
Z48044,18704,18328,376
Z48045,12221,11086,1135
Z48047,16012,15262,750
Z48048,2697,2453,244
Z48049,2221,2083,138
Z48050,746,722,24
Z48051,6465,5971,494
Z48054,3077,2830,247
Z48059,7071,6056,1015
Z48060,18154,16334,1820
Z48062,3838,3504,334
Z48063,1617,1450,167
Z48064,1515,1403,112
Z48065,4233,3952,281
Z48066,21398,19819,1579
Z48067,12858,12313,545
Z48069,1154,1109,45
Z48070,2548,2457,91
Z48071,13735,12855,880
Z48072,6996,6573,423
Z48073,17324,16067,1257
Z48074,3985,3665,320
Z48075,10210,9159,1051
Z48076,10612,9934,678
Z48079,5234,4864,370
Z48080,11426,10652,774
Z48081,9414,8953,461
Z48082,7641,7176,465
Z48083,9493,9061,432
Z48084,6954,6396,558
Z48085,8695,8294,401
Z48088,9992,9375,617
Z48089,13852,11875,1977
Z48091,13627,11849,1778
Z48092,11191,10512,679
Z48093,10646,9882,764
Z48094,7314,6812,502
Z48095,1976,1853,123
Z48096,1631,1556,75
Z48097,2183,1949,234
Z48098,7366,7061,305
Z48101,11342,10580,762
Z48103,24188,22935,1253
Z48104,16832,15521,1311
Z48105,15782,14972,810
Z48108,11349,10903,446
Z48109,0,0,0
Z48111,18457,16493,1964
Z48114,8024,7620,404
Z48116,11591,10766,825
Z48117,4087,3698,389
Z48118,5565,5196,369
Z48120,2620,2264,356
Z48122,4544,4136,408
Z48124,13600,12479,1121
Z48125,8538,7551,987
Z48126,14515,12783,1732
Z48127,13721,13095,626
Z48128,4139,3976,163
Z48130,5861,5489,372
Z48131,3116,2884,232
Z48133,2417,2267,150
Z48134,8322,7628,694
Z48135,11166,10320,846
Z48137,2381,1860,521
Z48138,4279,4035,244
Z48139,114,91,23
Z48140,1293,1257,36
Z48141,11371,9451,1920
Z48143,48,0,48
Z48144,4191,3959,232
Z48145,1432,1288,144
Z48146,16053,14366,1687
Z48150,11008,10351,657
Z48152,13121,12350,771
Z48154,15117,14498,619
Z48157,744,652,92
Z48158,3251,2932,319
Z48159,955,931,24
Z48160,4921,4495,426
Z48161,11407,10193,1214
Z48162,12176,11371,805
Z48164,3218,3093,125
Z48165,2738,2595,143
Z48166,4563,4100,463
Z48167,9677,9102,575
Z48168,8275,7831,444
Z48169,9254,7972,1282
Z48170,17080,16144,936
Z48173,5263,4610,653
Z48174,12310,11307,1003
Z48176,8518,8123,395
Z48177,122,102,20
Z48178,12793,11932,861
Z48179,1348,1311,37
Z48180,25922,23742,2180
Z48182,8999,8583,416
Z48183,18347,17386,961
Z48184,7620,6792,828
Z48185,22392,20824,1568
Z48186,14364,12899,1465
Z48187,18282,17371,911
Z48188,15027,14134,893
Z48189,6101,5466,635
Z48190,30,30,0
Z48191,1414,1305,109
Z48192,11750,10625,1125
Z48193,6528,5956,572
Z48195,13435,12499,936
Z48197,27166,24965,2201
Z48198,17781,15886,1895
Z48201,9603,7288,2315
Z48202,11021,7445,3576
Z48203,16855,9889,6966
Z48204,16165,9483,6682
Z48205,19008,12887,6121
Z48206,13658,6693,6965
Z48207,13547,11263,2284
Z48208,6063,3967,2096
Z48209,13301,10198,3103
Z48210,13435,9270,4165
Z48211,3271,2135,1136
Z48212,15524,11160,4364
Z48213,14120,8762,5358
Z48214,14098,9491,4607
Z48215,7458,4792,2666
Z48216,2977,2286,691
Z48217,3938,2965,973
Z48218,3826,2769,1057
Z48219,23654,18311,5343
Z48220,11736,10531,1205
Z48221,18297,14414,3883
Z48223,12571,9135,3436
Z48224,19721,14224,5497
Z48225,6331,5499,832
Z48226,4468,3582,886
Z48227,22019,14743,7276
Z48228,25585,18542,7043
Z48229,4557,3473,1084
Z48230,7143,6458,685
Z48233,0,0,0
Z48234,16720,12140,4580
Z48235,21310,17294,4016
Z48236,12456,11518,938
Z48237,12782,11494,1288
Z48238,18540,11064,7476
Z48239,14625,13509,1116
Z48240,7375,6555,820
Z48242,0,0,0
Z48243,0,0,0
Z48301,5858,5512,346
Z48302,6829,6242,587
Z48304,7002,6411,591
Z48306,10034,9827,207
Z48307,18657,17393,1264
Z48309,11393,10760,633
Z48310,15497,14828,669
Z48312,13667,13152,515
Z48313,14012,13090,922
Z48314,8456,8326,130
Z48315,10679,10100,579
Z48316,10604,10215,389
Z48317,11952,11388,564
Z48320,2313,2129,184
Z48322,12979,12229,750
Z48323,6888,6472,416
Z48324,6713,6326,387
Z48326,9978,9107,871
Z48327,10293,9512,781
Z48328,11770,10914,856
Z48329,10592,9681,911
Z48331,8868,8487,381
Z48334,8637,7950,687
Z48335,11393,10535,858
Z48336,11668,10871,797
Z48340,11298,10016,1282
Z48341,8021,6786,1235
Z48342,8631,6904,1727
Z48346,9617,9144,473
Z48348,8756,8294,462
Z48350,2842,2625,217
Z48353,2556,2363,193
Z48356,3598,3239,359
Z48357,3345,3069,276
Z48359,3484,3212,272
Z48360,4419,4259,160
Z48362,6275,5731,544
Z48363,2006,1937,69
Z48367,1756,1640,116
Z48370,658,658,0
Z48371,9148,8612,536
Z48374,4946,4849,97
Z48375,9353,8874,479
Z48377,8229,7662,567
Z48380,2764,2621,143
Z48381,5384,5165,219
Z48382,8149,7864,285
Z48383,5027,4751,276
Z48386,7590,6885,705
Z48390,10500,9952,548
Z48393,7546,7174,372
Z48397,0,0,0
Z48401,805,593,212
Z48411,27,27,0
Z48412,2529,2161,368
Z48413,3385,2921,464
Z48414,1148,1024,124
Z48415,3809,3599,210
Z48416,1984,1783,201
Z48417,1133,1055,78
Z48418,1687,1534,153
Z48419,1460,1025,435
Z48420,9220,8506,714
Z48421,2779,2317,462
Z48422,3062,2503,559
Z48423,14134,13333,801
Z48426,477,375,102
Z48427,1632,1099,533
Z48428,1963,1825,138
Z48429,3952,3330,622
Z48430,15088,14161,927
Z48432,314,280,34
Z48433,10834,10227,607
Z48434,156,27,129
Z48435,816,740,76
Z48436,1430,1404,26
Z48437,297,263,34
Z48438,2757,2595,162
Z48439,20118,18777,1341
Z48440,74,63,11
Z48441,2423,1652,771
Z48442,8655,8023,632
Z48444,3630,3303,327
Z48445,646,542,104
Z48446,12866,11723,1143
Z48449,1251,1110,141
Z48450,4413,2123,2290
Z48451,5686,5325,361
Z48453,2150,1796,354
Z48454,533,448,85
Z48455,3333,3047,286
Z48456,445,334,111
Z48457,3282,2982,300
Z48458,9488,8065,1423
Z48460,896,838,58
Z48461,3364,2980,384
Z48462,4982,4720,262
Z48463,1937,1888,49
Z48464,941,771,170
Z48465,489,272,217
Z48466,654,579,75
Z48467,2985,1142,1843
Z48468,1177,626,551
Z48469,1088,510,578
Z48470,364,319,45
Z48471,2315,2113,202
Z48472,782,632,150
Z48473,9220,8538,682
Z48475,1206,976,230
Z48476,317,280,37
Z48502,348,185,163
Z48503,14357,11188,3169
Z48504,14850,11147,3703
Z48505,13032,8590,4442
Z48506,13705,11475,2230
Z48507,15520,13058,2462
Z48509,3952,3708,244
Z48519,3332,3093,239
Z48529,4433,3693,740
Z48532,9368,8147,1221
Z48551,0,0,0
Z48553,0,0,0
Z48554,0,0,0
Z48601,17526,14537,2989
Z48602,13931,11590,2341
Z48603,12417,11850,567
Z48604,4532,4221,311
Z48607,1090,617,473
Z48609,5212,4933,279
Z48610,2690,1328,1362
Z48611,2857,2633,224
Z48612,5699,3912,1787
Z48613,500,448,52
Z48614,634,543,91
Z48615,1370,1232,138
Z48616,3219,2936,283
Z48617,3959,3457,502
Z48618,2481,2224,257
Z48619,588,231,357
Z48621,829,522,307
Z48622,3545,2521,1024
Z48623,5005,4792,213
Z48624,11477,6814,4663
Z48625,11515,5891,5624
Z48626,2388,2308,80
Z48627,337,69,268
Z48628,1219,828,391
Z48629,7536,3614,3922
Z48630,68,9,59
Z48631,1838,1710,128
Z48632,4724,2205,2519
Z48633,342,87,255
Z48634,1968,1841,127
Z48635,1909,756,1153
Z48636,1334,494,840
Z48637,1418,1305,113
Z48638,6121,5729,392
Z48640,13984,13162,822
Z48642,13673,12918,755
Z48647,3748,1685,2063
Z48649,606,568,38
Z48650,3117,2769,348
Z48651,4317,2464,1853
Z48652,728,647,81
Z48653,10067,4533,5534
Z48654,2002,992,1010
Z48655,2579,2457,122
Z48656,4035,1916,2119
Z48657,3609,3283,326
Z48658,2485,2042,443
Z48659,1375,1073,302
Z48661,6607,4556,2051
Z48662,609,569,40
Z48667,0,0,0
Z48701,696,566,130
Z48703,2849,1440,1409
Z48705,749,255,494
Z48706,17993,16400,1593
Z48708,12599,11147,1452
Z48710,0,0,0
Z48720,612,447,165
Z48721,432,208,224
Z48722,1535,1410,125
Z48723,5525,4870,655
Z48724,160,160,0
Z48725,2915,1152,1763
Z48726,2657,2280,377
Z48727,520,453,67
Z48728,691,169,522
Z48729,730,607,123
Z48730,3257,1989,1268
Z48731,778,659,119
Z48732,5335,4857,478
Z48733,812,739,73
Z48734,3474,3206,268
Z48735,482,423,59
Z48737,1471,585,886
Z48738,1497,664,833
Z48739,4371,1839,2532
Z48740,1765,1098,667
Z48741,875,762,113
Z48742,1424,750,674
Z48743,30,30,0
Z48744,2082,1823,259
Z48745,862,547,315
Z48746,3515,3203,312
Z48747,622,593,29
Z48748,1994,784,1210
Z48749,644,432,212
Z48750,7045,4015,3030
Z48754,412,353,59
Z48755,2266,1408,858
Z48756,3339,2039,1300
Z48757,1699,1570,129
Z48759,1795,1370,425
Z48760,741,500,241
Z48761,1585,499,1086
Z48762,1039,500,539
Z48763,3078,2050,1028
Z48765,428,313,115
Z48766,686,541,145
Z48767,924,777,147
Z48768,3994,3617,377
Z48770,1147,762,385
Z48801,5213,4848,365
Z48806,685,644,41
Z48807,366,309,57
Z48808,2514,2256,258
Z48809,4451,3980,471
Z48811,1354,1236,118
Z48813,8841,8062,779
Z48815,1049,844,205
Z48816,42,28,14
Z48817,2581,2492,89
Z48818,1654,993,661
Z48819,976,925,51
Z48820,6684,6469,215
Z48821,2593,2368,225
Z48822,1166,1061,105
Z48823,21987,20108,1879
Z48825,0,0,0
Z48827,6290,5837,453
Z48829,1422,1226,196
Z48831,1424,1313,111
Z48832,565,502,63
Z48834,927,791,136
Z48835,997,953,44
Z48836,5308,4877,431
Z48837,8227,7808,419
Z48838,7853,6903,950
Z48840,6108,5816,292
Z48841,356,333,23
Z48842,8918,8628,290
Z48843,17481,16369,1112
Z48845,390,350,40
Z48846,6698,5991,707
Z48847,2680,2427,253
Z48848,3045,2830,215
Z48849,2526,2199,327
Z48850,2019,1551,468
Z48851,1033,905,128
Z48852,70,52,18
Z48853,283,278,5
Z48854,7580,7009,571
Z48855,5705,5505,200
Z48856,375,335,40
Z48857,1056,962,94
Z48858,19137,16985,2152
Z48860,576,532,44
Z48861,717,625,92
Z48864,8931,8556,375
Z48865,881,669,212
Z48866,1868,1770,98
Z48867,12286,11174,1112
Z48870,50,44,6
Z48871,885,744,141
Z48872,3061,2874,187
Z48873,665,625,40
Z48874,53,53,0
Z48875,4057,3767,290
Z48876,1730,1580,150
Z48877,1115,969,146
Z48878,656,581,75
Z48879,7358,6912,446
Z48880,2815,2479,336
Z48881,2242,2106,136
Z48883,3025,2761,264
Z48884,1954,1749,205
Z48885,367,354,13
Z48886,1310,879,431
Z48888,3116,2518,598
Z48889,548,519,29
Z48890,909,808,101
Z48891,1296,1095,201
Z48892,1731,1640,91
Z48893,2674,2066,608
Z48894,681,652,29
Z48895,4860,4443,417
Z48896,66,66,0
Z48897,577,553,24
Z48906,11789,10560,1229
Z48910,17664,15569,2095
Z48911,17794,15713,2081
Z48912,8486,7640,846
Z48915,4307,3427,880
Z48917,15473,14534,939
Z48921,0,0,0
Z48933,2076,1740,336
Z49001,10061,8728,1333
Z49002,8709,8340,369
Z49004,6887,6067,820
Z49006,11147,9995,1152
Z49007,5360,4401,959
Z49008,7068,6519,549
Z49009,19404,17971,1433
Z49010,7942,6867,1075
Z49011,905,793,112
Z49012,1465,1310,155
Z49013,2398,1895,503
Z49014,9228,8061,1167
Z49015,12237,10890,1347
Z49017,9956,8557,1399
Z49021,2750,2490,260
Z49022,14927,12520,2407
Z49024,12142,11604,538
Z49026,1418,978,440
Z49027,81,77,4
Z49028,2958,2373,585
Z49029,606,565,41
Z49030,1074,830,244
Z49031,4136,3022,1114
Z49032,1263,1142,121
Z49033,719,639,80
Z49034,1063,977,86
Z49036,11410,8480,2930
Z49037,10581,9017,1564
Z49038,5258,3674,1584
Z49040,1913,1370,543
Z49042,2034,1863,171
Z49043,1515,928,587
Z49045,2634,2033,601
Z49046,4121,3070,1051
Z49047,8467,5704,2763
Z49048,11077,10083,994
Z49050,680,638,42
Z49051,1024,1024,0
Z49052,383,360,23
Z49053,2742,2549,193
Z49055,2994,2332,662
Z49056,2063,1328,735
Z49057,2645,2296,349
Z49058,8347,7525,822
Z49060,843,709,134
Z49061,729,627,102
Z49064,1856,1391,465
Z49065,3028,2385,643
Z49066,273,250,23
Z49067,1990,1564,426
Z49068,6542,5899,643
Z49070,965,933,32
Z49071,3539,3318,221
Z49072,1438,1225,213
Z49073,2027,1764,263
Z49074,93,63,30
Z49075,84,40,44
Z49076,1538,1345,193
Z49078,3780,3481,299
Z49079,5871,4997,874
Z49080,6644,5955,689
Z49082,2996,2308,688
Z49083,3139,2753,386
Z49084,6,6,0
Z49085,11031,9818,1213
Z49087,2448,2302,146
Z49088,1381,1196,185
Z49089,832,631,201
Z49090,8703,5779,2924
Z49091,8579,7510,1069
Z49092,902,807,95
Z49093,8762,7134,1628
Z49094,1948,1685,263
Z49095,1279,813,466
Z49096,1323,1198,125
Z49097,4355,3983,372
Z49098,3017,2266,751
Z49099,2642,2129,513
Z49101,1361,1248,113
Z49102,620,537,83
Z49103,4068,3283,785
Z49104,0,0,0
Z49106,2322,1884,438
Z49107,4863,4223,640
Z49111,1536,1263,273
Z49112,4277,3670,607
Z49113,888,729,159
Z49115,507,172,335
Z49116,663,170,493
Z49117,3791,1712,2079
Z49119,32,32,0
Z49120,16342,14410,1932
Z49125,1649,832,817
Z49126,635,572,63
Z49127,5120,4406,714
Z49128,2168,1675,493
Z49129,1177,215,962
Z49130,971,753,218
Z49201,17035,15432,1603
Z49202,10119,8791,1328
Z49203,17069,15201,1868
Z49220,1005,908,97
Z49221,16247,14711,1536
Z49224,6262,5122,1140
Z49227,503,472,31
Z49228,2410,2228,182
Z49229,1280,1229,51
Z49230,6222,4254,1968
Z49232,1290,918,372
Z49233,1370,1031,339
Z49234,1368,1022,346
Z49235,884,814,70
Z49236,1913,1803,110
Z49237,1205,1093,112
Z49238,717,668,49
Z49240,3969,3545,424
Z49241,983,883,100
Z49242,6480,5587,893
Z49245,1957,1755,202
Z49246,1452,1255,197
Z49247,2747,2317,430
Z49248,392,343,49
Z49249,2091,1626,465
Z49250,2549,2249,300
Z49251,2629,2316,313
Z49252,1136,1021,115
Z49253,2510,1399,1111
Z49254,1506,1236,270
Z49255,916,661,255
Z49256,1692,1567,125
Z49259,1011,844,167
Z49261,128,128,0
Z49262,545,495,50
Z49263,19,19,0
Z49264,937,815,122
Z49265,2457,2051,406
Z49266,1583,1217,366
Z49267,1731,1566,165
Z49268,428,373,55
Z49269,2726,2329,397
Z49270,2235,2084,151
Z49271,947,785,162
Z49272,1089,961,128
Z49274,1859,1413,446
Z49276,400,378,22
Z49277,1308,1263,45
Z49279,305,261,44
Z49282,320,261,59
Z49283,1252,1214,38
Z49284,1367,1141,226
Z49285,2222,2073,149
Z49286,6301,5999,302
Z49287,930,749,181
Z49288,591,534,57
Z49289,74,74,0
Z49301,6680,6518,162
Z49302,2927,2753,174
Z49303,394,368,26
Z49304,6297,1591,4706
Z49305,1582,866,716
Z49306,3774,3701,73
Z49307,7918,6812,1106
Z49309,2167,698,1469
Z49310,1193,1041,152
Z49312,316,144,172
Z49315,8054,7516,538
Z49316,7917,7529,388
Z49318,569,506,63
Z49319,6297,5943,354
Z49320,49,7,42
Z49321,6821,6470,351
Z49322,707,493,214
Z49323,3232,3116,116
Z49325,601,585,16
Z49326,1872,1601,271
Z49327,3577,2987,590
Z49328,1651,1366,285
Z49329,3421,2974,447
Z49330,1963,1867,96
Z49331,6571,6101,470
Z49332,2224,1217,1007
Z49333,4615,3960,655
Z49335,165,139,26
Z49336,1845,1565,280
Z49337,6710,4960,1750
Z49338,773,620,153
Z49339,1128,871,257
Z49340,1425,1176,249
Z49341,12646,11937,709
Z49342,1172,727,445
Z49343,2394,2030,364
Z49344,1912,1423,489
Z49345,5127,4877,250
Z49346,3564,2265,1299
Z49347,658,470,188
Z49348,4893,4403,490
Z49349,4365,3041,1324
Z49401,5972,5497,475
Z49402,1410,592,818
Z49403,980,869,111
Z49404,3399,3194,205
Z49405,893,625,268
Z49406,945,397,548
Z49408,4985,3669,1316
Z49410,1683,908,775
Z49411,1042,634,408
Z49412,4702,4121,581
Z49415,2738,2479,259
Z49417,13541,11990,1551
Z49418,10712,10474,238
Z49419,2722,2617,105
Z49420,2777,2261,516
Z49421,3064,2217,847
Z49423,17442,15972,1470
Z49424,18297,16856,1441
Z49425,1468,1164,304
Z49426,11802,11493,309
Z49428,10115,9808,307
Z49431,9437,7438,1999
Z49434,63,12,51
Z49435,1425,1384,41
Z49436,2328,692,1636
Z49437,3469,2681,788
Z49440,609,499,110
Z49441,17058,15319,1739
Z49442,16570,14705,1865
Z49444,11813,10024,1789
Z49445,8763,7924,839
Z49446,1162,887,275
Z49448,1432,1320,112
Z49449,2803,1175,1628
Z49450,1609,1081,528
Z49451,2306,2081,225
Z49452,940,747,193
Z49453,1632,1066,566
Z49454,2124,1683,441
Z49455,2677,1782,895
Z49456,9154,7820,1334
Z49457,4449,3920,529
Z49458,108,36,72
Z49459,876,443,433
Z49460,3247,2821,426
Z49461,4015,3453,562
Z49464,10041,9817,224
Z49503,16497,14588,1909
Z49504,17468,15512,1956
Z49505,13921,13108,813
Z49506,12592,11927,665
Z49507,13761,12282,1479
Z49508,16006,15578,428
Z49509,10341,9799,542
Z49512,7696,7146,550
Z49519,11800,11532,268
Z49525,11628,11203,425
Z49534,8804,8583,221
Z49544,3908,3721,187
Z49546,13073,12314,759
Z49548,12457,11454,1003
Z49601,10538,8363,2175
Z49611,138,110,28
Z49612,904,496,408
Z49613,676,304,372
Z49614,1844,1117,727
Z49615,3697,1745,1952
Z49616,1037,714,323
Z49617,2484,1413,1071
Z49618,394,306,88
Z49619,752,476,276
Z49620,1077,911,166
Z49621,1911,1236,675
Z49622,1876,1062,814
Z49623,881,417,464
Z49625,807,557,250
Z49626,201,173,28
Z49627,246,94,152
Z49628,211,98,113
Z49629,1682,1069,613
Z49630,1241,657,584
Z49631,4087,2360,1727
Z49632,841,465,376
Z49633,2684,1465,1219
Z49634,45,38,7
Z49635,3361,1620,1741
Z49636,1291,230,1061
Z49637,1263,1092,171
Z49638,649,367,282
Z49639,1295,829,466
Z49640,1360,640,720
Z49642,1412,316,1096
Z49643,3159,2398,761
Z49644,3616,848,2768
Z49645,1031,691,340
Z49646,6017,3496,2521
Z49648,1931,885,1046
Z49649,2562,2299,263
Z49650,1593,1277,316
Z49651,5225,3195,2030
Z49653,1398,812,586
Z49654,847,373,474
Z49655,2145,1100,1045
Z49656,1593,571,1022
Z49657,1598,1336,262
Z49659,4710,2718,1992
Z49660,7699,5709,1990
Z49663,2916,2172,744
Z49664,1339,832,507
Z49665,2353,1614,739
Z49666,20,20,0
Z49667,435,205,230
Z49668,2110,1336,774
Z49670,1889,961,928
Z49674,45,19,26
Z49675,985,465,520
Z49676,2510,1480,1030
Z49677,3517,2727,790
Z49679,1039,503,536
Z49680,933,704,229
Z49682,2283,1734,549
Z49683,1684,784,900
Z49684,18280,15805,2475
Z49686,16371,13622,2749
Z49688,1437,966,471
Z49689,1666,675,991
Z49690,3652,2631,1021
Z49701,877,430,447
Z49705,542,339,203
Z49706,2521,1826,695
Z49707,11949,9855,2094
Z49709,4069,1588,2481
Z49710,501,190,311
Z49712,4972,3310,1662
Z49713,1333,716,617
Z49715,2018,1162,856
Z49716,679,339,340
Z49717,175,109,66
Z49718,764,331,433
Z49719,1699,688,1011
Z49720,5986,3906,2080
Z49721,8780,6176,2604
Z49722,153,118,35
Z49724,440,427,13
Z49725,851,365,486
Z49726,1701,554,1147
Z49727,4208,2831,1377
Z49728,729,122,607
Z49729,956,554,402
Z49730,1304,752,552
Z49733,1770,904,866
Z49735,10927,7955,2972
Z49736,538,242,296
Z49738,7877,4169,3708
Z49740,6244,3121,3123
Z49743,808,329,479
Z49744,544,387,157
Z49745,966,541,425
Z49746,2877,1531,1346
Z49747,1724,842,882
Z49748,331,57,274
Z49749,3616,1821,1795
Z49751,2097,881,1216
Z49752,347,264,83
Z49753,1497,855,642
Z49755,1401,811,590
Z49756,4835,1664,3171
Z49757,918,296,622
Z49759,1905,752,1153
Z49760,718,284,434
Z49762,881,316,565
Z49764,153,77,76
Z49765,2915,1763,1152
Z49766,1298,958,340
Z49768,986,169,817
Z49769,910,678,232
Z49770,9665,7236,2429
Z49774,1257,894,363
Z49775,482,55,427
Z49776,1113,809,304
Z49777,1892,842,1050
Z49779,2635,2114,521
Z49780,1204,676,528
Z49781,2472,1852,620
Z49782,1031,269,762
Z49783,9209,7862,1347
Z49788,1156,1052,104
Z49791,300,128,172
Z49793,418,158,260
Z49795,1401,918,483
Z49796,373,183,190
Z49799,1645,964,681
Z49801,5748,4776,972
Z49802,3004,2733,271
Z49805,173,95,78
Z49806,772,271,501
Z49807,1843,1251,592
Z49808,515,120,395
Z49812,607,388,219
Z49814,1000,569,431
Z49815,514,207,307
Z49816,383,232,151
Z49817,322,222,100
Z49818,801,409,392
Z49819,48,10,38
Z49820,280,115,165
Z49821,1049,571,478
Z49822,252,103,149
Z49825,202,139,63
Z49826,121,99,22
Z49827,824,389,435
Z49829,8520,7590,930
Z49831,655,292,363
Z49833,227,105,122
Z49834,195,108,87
Z49835,728,396,332
Z49836,1051,426,625
Z49837,4613,4007,606
Z49838,652,247,405
Z49839,704,184,520
Z49840,889,333,556
Z49841,4486,2910,1576
Z49847,542,416,126
Z49848,108,59,49
Z49849,6557,5163,1394
Z49852,69,57,12
Z49853,1360,557,803
Z49854,4310,2628,1682
Z49855,14501,12739,1762
Z49858,6466,5694,772
Z49861,754,233,521
Z49862,2346,1676,670
Z49863,75,63,12
Z49864,71,46,25
Z49866,3702,3100,602
Z49868,3055,1850,1205
Z49870,1720,1519,201
Z49871,209,185,24
Z49872,119,74,45
Z49873,276,56,220
Z49874,517,422,95
Z49876,400,362,38
Z49877,149,16,133
Z49878,2915,1517,1398
Z49879,1158,446,712
Z49880,978,478,500
Z49881,307,162,145
Z49883,325,41,284
Z49884,417,180,237
Z49885,1145,851,294
Z49886,323,258,65
Z49887,1975,1099,876
Z49891,531,304,227
Z49892,1337,853,484
Z49893,1009,795,214
Z49894,273,273,0
Z49895,1226,267,959
Z49896,697,585,112
Z49901,269,164,105
Z49902,89,51,38
Z49903,265,61,204
Z49905,811,597,214
Z49908,965,730,235
Z49910,490,175,315
Z49911,2005,1250,755
Z49912,881,471,410
Z49913,4009,2952,1057
Z49915,379,265,114
Z49916,1484,1090,394
Z49917,133,92,41
Z49918,193,60,133
Z49919,208,84,124
Z49920,3445,1844,1601
Z49921,184,160,24
Z49922,412,323,89
Z49925,408,218,190
Z49927,246,180,66
Z49929,120,110,10
Z49930,3235,2704,531
Z49931,3745,3331,414
Z49934,395,331,64
Z49935,4635,2968,1667
Z49938,4659,3510,1149
Z49942,78,28,50
Z49945,2131,1134,997
Z49946,2646,1747,899
Z49947,944,310,634
Z49948,449,251,198
Z49950,1400,603,797
Z49952,204,45,159
Z49953,2172,1363,809
Z49955,159,155,4
Z49958,813,412,401
Z49959,199,131,68
Z49960,135,66,69
Z49961,151,52,99
Z49962,492,80,412
Z49963,539,404,135
Z49965,599,142,457
Z49967,775,250,525
Z49968,1436,980,456
Z49969,1615,614,1001
Z49970,255,105,150
Z49971,345,191,154
Z50001,264,234,30
Z50002,681,629,52
Z50003,2785,2700,85
Z50005,340,335,5
Z50006,745,625,120
Z50007,198,198,0
Z50008,430,393,37
Z50009,6845,6586,259
Z50010,14133,13549,584
Z50011,0,0,0
Z50012,7,7,0
Z50014,12440,11817,623
Z50020,612,585,27
Z50021,10343,9870,473
Z50022,4003,3804,199
Z50023,11667,11137,530
Z50025,1664,1444,220
Z50026,339,305,34
Z50027,152,140,12
Z50028,738,615,123
Z50029,348,279,69
Z50032,32,32,0
Z50033,19,12,7
Z50034,228,147,81
Z50035,2053,1994,59
Z50036,7502,6859,643
Z50038,68,68,0
Z50039,221,212,9
Z50041,83,36,47
Z50042,183,147,36
Z50044,458,429,29
Z50046,525,482,43
Z50047,2302,2208,94
Z50048,374,341,33
Z50049,3162,2805,357
Z50050,356,300,56
Z50051,205,161,44
Z50052,79,78,1
Z50054,1311,1217,94
Z50055,398,363,35
Z50056,562,537,25
Z50057,115,86,29
Z50058,877,797,80
Z50060,1197,986,211
Z50061,704,674,30
Z50062,258,258,0
Z50063,1031,967,64
Z50064,49,46,3
Z50065,324,262,62
Z50066,184,146,38
Z50067,150,98,52
Z50068,149,116,33
Z50069,485,462,23
Z50070,724,635,89
Z50071,508,412,96
Z50072,1134,1042,92
Z50073,447,430,17
Z50074,496,201,295
Z50075,340,308,32
Z50076,765,710,55
Z50078,62,61,1
Z50101,59,32,27
Z50102,58,34,24
Z50103,201,172,29
Z50104,60,56,4
Z50105,443,429,14
Z50106,560,481,79
Z50107,496,461,35
Z50108,278,202,76
Z50109,1150,1115,35
Z50111,4125,4063,62
Z50112,4754,4406,348
Z50115,1309,1107,202
Z50116,106,81,25
Z50117,63,63,0
Z50118,409,399,10
Z50119,241,201,40
Z50120,131,111,20
Z50122,678,574,104
Z50123,444,355,89
Z50124,1530,1440,90
Z50125,7736,7367,369
Z50126,3223,2766,457
Z50127,9,9,0
Z50128,148,143,5
Z50129,2585,2205,380
Z50130,775,673,102
Z50131,7915,7671,244
Z50132,182,155,27
Z50133,274,186,88
Z50134,256,244,12
Z50135,834,716,118
Z50136,177,162,15
Z50138,5183,4772,411
Z50139,661,577,84
Z50140,1277,1078,199
Z50141,240,240,0
Z50142,414,396,18
Z50143,212,212,0
Z50144,1278,1045,233
Z50146,181,147,34
Z50147,241,201,40
Z50148,208,200,8
Z50149,564,423,141
Z50150,441,435,6
Z50151,294,243,51
Z50153,359,343,16
Z50154,221,180,41
Z50155,168,147,21
Z50156,1854,1723,131
Z50157,405,296,109
Z50158,12717,11569,1148
Z50160,202,185,17
Z50161,898,839,59
Z50162,568,548,20
Z50163,466,386,80
Z50164,261,243,18
Z50165,22,14,8
Z50166,660,606,54
Z50167,262,238,24
Z50168,313,302,11
Z50169,1145,1051,94
Z50170,1203,1141,62
Z50171,1785,1133,652
Z50173,330,311,19
Z50174,650,569,81
Z50201,3657,3424,233
Z50206,185,142,43
Z50207,1047,954,93
Z50208,8991,7868,1123
Z50210,703,632,71
Z50211,4690,4543,147
Z50212,1509,1357,152
Z50213,2983,2755,228
Z50214,280,267,13
Z50216,1785,1080,705
Z50217,330,285,45
Z50218,62,57,5
Z50219,5280,5053,227
Z50220,3734,3235,499
Z50222,202,202,0
Z50223,239,224,15
Z50225,1316,1214,102
Z50226,2026,1978,48
Z50227,7,7,0
Z50228,1037,947,90
Z50229,344,315,29
Z50230,526,437,89
Z50231,90,78,12
Z50232,226,199,27
Z50233,648,573,75
Z50234,335,284,51
Z50235,186,162,24
Z50236,663,625,38
Z50237,1205,1156,49
Z50238,555,462,93
Z50239,69,48,21
Z50240,1094,1035,59
Z50242,150,138,12
Z50243,101,91,10
Z50244,716,682,34
Z50246,388,308,80
Z50247,863,814,49
Z50248,1797,1797,0
Z50249,547,470,77
Z50250,1116,990,126
Z50251,525,507,18
Z50252,93,91,2
Z50254,169,115,54
Z50255,40,40,0
Z50256,271,242,29
Z50257,441,404,37
Z50258,470,398,72
Z50261,854,830,24
Z50262,173,170,3
Z50263,7407,7000,407
Z50264,260,179,81
Z50265,14753,13954,799
Z50266,11866,11252,614
Z50268,486,412,74
Z50271,308,265,43
Z50272,72,44,28
Z50273,3571,3351,220
Z50274,207,173,34
Z50275,279,262,17
Z50276,1004,948,56
Z50277,244,227,17
Z50278,387,357,30
Z50309,3902,3330,572
Z50310,14013,12950,1063
Z50311,6346,5705,641
Z50312,8049,7293,756
Z50313,7053,6543,510
Z50314,4693,4029,664
Z50315,15298,14040,1258
Z50316,6299,5673,626
Z50317,15232,14251,981
Z50319,0,0,0
Z50320,7997,7425,572
Z50321,3523,3370,153
Z50322,14287,13524,763
Z50323,4249,4108,141
Z50324,2187,2086,101
Z50325,6368,6109,259
Z50327,4354,4115,239
Z50401,14279,13377,902
Z50420,189,179,10
Z50421,1508,1361,147
Z50423,1402,1223,179
Z50424,735,628,107
Z50426,24,16,8
Z50428,5454,3938,1516
Z50430,243,218,25
Z50431,134,123,11
Z50432,142,109,33
Z50433,108,88,20
Z50434,206,193,13
Z50435,264,253,11
Z50436,2743,2549,194
Z50438,1762,1590,172
Z50439,173,134,39
Z50440,249,249,0
Z50441,2548,2262,286
Z50444,169,136,33
Z50446,290,254,36
Z50447,593,516,77
Z50448,343,316,27
Z50449,275,241,34
Z50450,1413,1209,204
Z50451,254,232,22
Z50452,349,312,37
Z50453,292,245,47
Z50454,53,53,0
Z50455,196,161,35
Z50456,790,729,61
Z50457,190,152,38
Z50458,957,871,86
Z50459,1378,1247,131
Z50460,117,102,15
Z50461,2615,2383,232
Z50464,281,264,17
Z50465,145,117,28
Z50466,818,686,132
Z50467,33,33,0
Z50468,751,645,106
Z50469,747,684,63
Z50470,129,108,21
Z50471,387,361,26
Z50472,1070,907,163
Z50473,128,104,24
Z50475,700,667,33
Z50476,394,371,23
Z50477,194,163,31
Z50478,408,378,30
Z50479,317,287,30
Z50480,463,424,39
Z50482,500,419,81
Z50483,329,298,31
Z50484,223,186,37
Z50501,12699,11263,1436
Z50510,489,435,54
Z50511,3500,3220,280
Z50514,753,652,101
Z50515,132,113,19
Z50516,313,272,41
Z50517,455,415,40
Z50518,161,156,5
Z50519,276,253,23
Z50520,84,61,23
Z50521,61,61,0
Z50522,401,288,113
Z50523,362,323,39
Z50524,282,259,23
Z50525,1722,1420,302
Z50527,128,110,18
Z50528,208,169,39
Z50529,366,343,23
Z50530,546,496,50
Z50531,200,110,90
Z50532,499,437,62
Z50533,1920,1622,298
Z50535,504,433,71
Z50536,2144,1913,231
Z50538,263,235,28
Z50539,274,239,35
Z50540,518,399,119
Z50541,459,351,108
Z50542,518,451,67
Z50543,711,636,75
Z50544,224,204,20
Z50545,97,97,0
Z50546,147,128,19
Z50548,2733,2516,217
Z50551,53,38,15
Z50554,911,759,152
Z50556,148,123,25
Z50557,395,346,49
Z50558,320,293,27
Z50559,166,143,23
Z50560,296,231,65
Z50561,272,203,69
Z50562,267,230,37
Z50563,1406,1176,230
Z50565,279,228,51
Z50566,173,168,5
Z50567,101,101,0
Z50568,648,631,17
Z50569,362,338,24
Z50570,116,94,22
Z50571,230,178,52
Z50573,39,19,20
Z50574,1086,971,115
Z50575,586,501,85
Z50576,169,137,32
Z50577,212,177,35
Z50578,362,316,46
Z50579,1236,1053,183
Z50581,460,394,66
Z50582,143,111,32
Z50583,1504,1296,208
Z50585,524,463,61
Z50586,175,155,20
Z50588,4803,4494,309
Z50590,468,428,40
Z50591,136,119,17
Z50593,33,26,7
Z50594,119,111,8
Z50595,4286,3885,401
Z50597,605,572,33
Z50598,390,365,25
Z50599,190,163,27
Z50601,1159,1084,75
Z50602,755,715,40
Z50603,334,263,71
Z50604,784,730,54
Z50605,85,78,7
Z50606,439,385,54
Z50607,241,194,47
Z50609,196,181,15
Z50611,187,177,10
Z50612,152,139,13
Z50613,16884,15719,1165
Z50616,4886,4520,366
Z50619,1025,942,83
Z50620,29,20,9
Z50621,693,672,21
Z50622,1373,1326,47
Z50624,735,719,16
Z50625,464,425,39
Z50626,751,714,37
Z50627,1660,1340,320
Z50628,581,557,24
Z50629,891,857,34
Z50630,939,882,57
Z50632,460,421,39
Z50633,221,175,46
Z50634,367,344,23
Z50635,826,675,151
Z50636,934,826,108
Z50638,1553,1400,153
Z50641,703,632,71
Z50642,188,186,2
Z50643,1142,1107,35
Z50644,3974,3577,397
Z50645,466,453,13
Z50647,813,721,92
Z50648,1754,1662,92
Z50650,298,252,46
Z50651,1520,1403,117
Z50652,54,45,9
Z50653,240,213,27
Z50654,228,190,38
Z50655,357,320,37
Z50658,1099,1028,71
Z50659,2470,2352,118
Z50660,608,579,29
Z50662,3462,3030,432
Z50664,17,17,0
Z50665,1295,1211,84
Z50666,377,370,7
Z50667,318,305,13
Z50668,545,512,33
Z50669,1173,1080,93
Z50670,902,853,49
Z50671,88,88,0
Z50672,240,214,26
Z50673,74,69,5
Z50674,1588,1497,91
Z50675,1091,983,108
Z50676,982,869,113
Z50677,4756,4380,376
Z50680,592,553,39
Z50681,188,188,0
Z50682,650,648,2
Z50701,13754,12738,1016
Z50702,9151,8542,609
Z50703,8655,7757,898
Z50707,3591,3439,152
Z50801,4423,4034,389
Z50830,786,723,63
Z50833,1073,925,148
Z50835,60,50,10
Z50836,216,177,39
Z50837,237,142,95
Z50839,20,18,2
Z50840,292,244,48
Z50841,1391,1196,195
Z50842,41,40,1
Z50843,288,255,33
Z50845,383,308,75
Z50846,525,475,50
Z50847,39,37,2
Z50848,212,202,10
Z50849,1307,1140,167
Z50851,979,926,53
Z50853,374,306,68
Z50854,1032,955,77
Z50857,139,123,16
Z50858,351,318,33
Z50859,316,279,37
Z50860,141,128,13
Z50861,142,142,0
Z50862,70,59,11
Z50863,135,114,21
Z50864,1012,891,121
Z51001,1098,1014,84
Z51002,1265,1160,105
Z51003,717,697,20
Z51004,561,510,51
Z51005,695,623,72
Z51006,556,498,58
Z51007,259,254,5
Z51008,53,48,5
Z51009,97,93,4
Z51010,291,203,88
Z51011,34,24,10
Z51012,3049,2917,132
Z51014,236,213,23
Z51016,578,528,50
Z51018,184,169,15
Z51019,346,323,23
Z51020,275,244,31
Z51022,376,328,48
Z51023,1385,1275,110
Z51024,720,706,14
Z51025,980,859,121
Z51026,384,364,20
Z51027,505,435,70
Z51028,918,815,103
Z51029,166,161,5
Z51030,709,641,68
Z51031,5397,5087,310
Z51033,225,218,7
Z51034,934,830,104
Z51035,840,750,90
Z51036,214,211,3
Z51037,167,159,8
Z51038,716,716,0
Z51039,1045,947,98
Z51040,1784,1548,236
Z51041,2462,2301,161
Z51044,116,87,29
Z51046,766,712,54
Z51047,400,320,80
Z51048,301,264,37
Z51049,255,224,31
Z51050,1038,990,48
Z51051,42,42,0
Z51052,420,347,73
Z51053,487,451,36
Z51054,1855,1760,95
Z51055,644,567,77
Z51056,215,192,23
Z51058,478,415,63
Z51060,320,259,61
Z51061,291,235,56
Z51062,270,215,55
Z51063,571,505,66
Z51101,525,445,80
Z51103,6581,6117,464
Z51104,8801,8381,420
Z51105,4036,3565,471
Z51106,11083,10439,644
Z51108,2241,2139,102
Z51109,1283,1234,49
Z51111,72,72,0
Z51201,2779,2631,148
Z51230,147,136,11
Z51231,136,135,1
Z51232,428,370,58
Z51234,451,434,17
Z51235,406,406,0
Z51237,759,707,52
Z51238,454,437,17
Z51239,1180,1107,73
Z51240,743,697,46
Z51241,740,653,87
Z51242,93,88,5
Z51243,430,406,24
Z51244,34,30,4
Z51245,565,450,115
Z51246,1615,1412,203
Z51247,1842,1747,95
Z51248,783,746,37
Z51249,1481,1358,123
Z51250,2810,2684,126
Z51301,6164,5489,675
Z51331,1454,594,860
Z51333,212,191,21
Z51334,3334,3011,323
Z51338,432,395,37
Z51341,30,26,4
Z51342,572,479,93
Z51343,136,133,3
Z51345,221,200,21
Z51346,1170,1002,168
Z51347,775,590,185
Z51350,234,212,22
Z51351,2876,1998,878
Z51354,564,484,80
Z51355,1252,400,852
Z51357,290,263,27
Z51358,743,529,214
Z51360,6404,3899,2505
Z51363,62,62,0
Z51364,342,301,41
Z51365,176,109,67
Z51366,194,164,30
Z51401,5679,5120,559
Z51430,326,302,24
Z51431,195,186,9
Z51433,287,225,62
Z51436,338,296,42
Z51439,510,451,59
Z51440,167,135,32
Z51441,221,197,24
Z51442,3498,3222,276
Z51443,784,731,53
Z51444,90,90,0
Z51445,1359,1265,94
Z51446,274,241,33
Z51447,98,86,12
Z51448,287,240,47
Z51449,1107,922,185
Z51450,1113,718,395
Z51451,46,45,1
Z51453,334,304,30
Z51454,653,616,37
Z51455,1124,1023,101
Z51458,718,635,83
Z51459,32,31,1
Z51461,551,487,64
Z51462,468,406,62
Z51463,236,232,4
Z51465,342,322,20
Z51466,443,347,96
Z51467,318,284,34
Z51501,15105,13734,1371
Z51503,15661,14700,961
Z51510,1567,1488,79
Z51520,108,105,3
Z51521,881,786,95
Z51523,194,162,32
Z51525,477,444,33
Z51526,646,605,41
Z51527,167,154,13
Z51528,377,336,41
Z51529,803,755,48
Z51530,419,412,7
Z51531,345,315,30
Z51532,270,259,11
Z51533,419,376,43
Z51534,3704,3321,383
Z51535,837,722,115
Z51536,179,164,15
Z51537,3233,2905,328
Z51540,179,168,11
Z51541,149,130,19
Z51542,362,351,11
Z51543,228,209,19
Z51544,393,388,5
Z51545,178,126,52
Z51546,1234,1079,155
Z51548,157,143,14
Z51549,208,184,24
Z51550,74,65,9
Z51551,742,646,96
Z51552,127,127,0
Z51553,398,391,7
Z51554,76,76,0
Z51555,2347,2139,208
Z51556,237,181,56
Z51557,509,347,162
Z51558,259,229,30
Z51559,731,682,49
Z51560,917,866,51
Z51561,547,496,51
Z51562,159,146,13
Z51563,285,278,7
Z51564,269,214,55
Z51565,218,208,10
Z51566,3444,3027,417
Z51570,407,389,18
Z51571,250,220,30
Z51572,243,177,66
Z51573,494,448,46
Z51575,675,651,24
Z51576,722,707,15
Z51577,606,511,95
Z51578,37,37,0
Z51579,1058,984,74
Z51601,2846,2464,382
Z51630,103,98,5
Z51631,142,131,11
Z51632,3041,2657,384
Z51636,206,183,23
Z51637,85,85,0
Z51638,670,597,73
Z51639,379,368,11
Z51640,812,664,148
Z51645,140,111,29
Z51646,359,313,46
Z51647,61,53,8
Z51648,98,78,20
Z51649,146,132,14
Z51650,217,165,52
Z51652,809,683,126
Z51653,622,549,73
Z51654,259,212,47
Z51656,31,31,0
Z52001,18929,17587,1342
Z52002,6366,6141,225
Z52003,5695,5424,271
Z52030,163,152,11
Z52031,2462,2091,371
Z52032,808,609,199
Z52033,1336,1280,56
Z52035,541,485,56
Z52037,514,477,37
Z52038,216,206,10
Z52039,439,411,28
Z52040,2333,2251,82
Z52041,674,649,25
Z52042,701,653,48
Z52043,1072,989,83
Z52044,77,53,24
Z52045,942,932,10
Z52046,783,783,0
Z52047,266,228,38
Z52048,206,143,63
Z52049,651,593,58
Z52050,285,278,7
Z52052,1780,1297,483
Z52053,413,394,19
Z52054,419,401,18
Z52057,3541,3151,390
Z52060,3984,3759,225
Z52064,448,409,39
Z52065,486,456,30
Z52066,122,34,88
Z52068,1539,1516,23
Z52069,736,680,56
Z52070,493,439,54
Z52072,171,113,58
Z52073,505,433,72
Z52074,150,150,0
Z52076,1015,920,95
Z52077,218,164,54
Z52078,403,399,4
Z52079,412,348,64
Z52101,5689,5303,386
Z52132,917,840,77
Z52133,235,235,0
Z52134,167,153,14
Z52135,390,345,45
Z52136,2715,2406,309
Z52140,310,269,41
Z52141,696,642,54
Z52142,611,531,80
Z52144,531,510,21
Z52146,1256,491,765
Z52147,506,472,34
Z52151,1341,894,447
Z52154,411,385,26
Z52155,553,488,65
Z52156,303,298,5
Z52157,998,799,199
Z52158,182,148,34
Z52159,1191,1101,90
Z52160,540,511,29
Z52161,619,602,17
Z52162,1410,1270,140
Z52163,152,141,11
Z52164,112,91,21
Z52165,362,344,18
Z52166,62,57,5
Z52168,117,106,11
Z52169,198,181,17
Z52170,272,222,50
Z52171,402,370,32
Z52172,2618,2508,110
Z52175,1751,1590,161
Z52201,520,497,23
Z52202,431,385,46
Z52203,906,834,72
Z52205,3438,3131,307
Z52206,872,830,42
Z52207,220,189,31
Z52208,1486,1294,192
Z52209,444,412,32
Z52210,325,285,40
Z52211,1504,1065,439
Z52212,127,92,35
Z52213,1667,1597,70
Z52214,1450,1380,70
Z52215,374,273,101
Z52216,627,617,10
Z52217,236,192,44
Z52218,739,681,58
Z52219,83,69,14
Z52220,177,177,0
Z52221,122,96,26
Z52222,321,293,28
Z52223,1053,579,474
Z52224,933,798,135
Z52225,224,155,69
Z52227,1092,1092,0
Z52228,1110,1105,5
Z52229,325,303,22
Z52231,146,109,37
Z52232,86,75,11
Z52233,3298,2994,304
Z52235,338,311,27
Z52236,235,219,16
Z52237,595,573,22
Z52240,15111,14334,777
Z52241,8318,7817,501
Z52242,0,0,0
Z52245,9384,9076,308
Z52246,10045,9730,315
Z52247,2051,2011,40
Z52248,773,710,63
Z52249,495,482,13
Z52251,284,263,21
Z52253,1236,1182,54
Z52254,380,341,39
Z52255,587,532,55
Z52257,122,119,3
Z52301,1598,1491,107
Z52302,16490,15559,931
Z52305,283,261,22
Z52306,784,740,44
Z52307,53,53,0
Z52308,96,91,5
Z52309,161,157,4
Z52310,2884,2731,153
Z52312,56,51,5
Z52313,174,174,0
Z52314,2015,1829,186
Z52315,466,453,13
Z52316,733,638,95
Z52317,6887,6629,258
Z52318,457,445,12
Z52320,580,509,71
Z52321,258,250,8
Z52322,1265,1197,68
Z52323,464,438,26
Z52324,791,767,24
Z52325,421,403,18
Z52326,267,237,30
Z52327,1300,1237,63
Z52328,1040,1022,18
Z52329,351,351,0
Z52330,392,331,61
Z52332,921,805,116
Z52333,2442,2386,56
Z52334,111,73,38
Z52335,338,303,35
Z52336,942,907,35
Z52337,397,342,55
Z52338,1366,1239,127
Z52339,1795,1594,201
Z52340,1098,1057,41
Z52341,372,372,0
Z52342,1293,1171,122
Z52345,580,557,23
Z52346,423,370,53
Z52347,762,730,32
Z52348,36,29,7
Z52349,3370,3001,369
Z52351,523,511,12
Z52352,733,627,106
Z52353,4099,3861,238
Z52354,153,153,0
Z52355,139,139,0
Z52356,1124,999,125
Z52358,1595,1537,58
Z52359,131,128,3
Z52361,1891,1836,55
Z52362,494,370,124
Z52401,1148,1013,135
Z52402,17778,16592,1186
Z52403,10791,9834,957
Z52404,17721,15950,1771
Z52405,11094,10386,708
Z52411,2558,2516,42
Z52501,13414,12182,1232
Z52530,429,429,0
Z52531,2795,2453,342
Z52533,623,596,27
Z52534,126,113,13
Z52535,437,398,39
Z52536,508,439,69
Z52537,2869,2552,317
Z52540,635,587,48
Z52542,236,217,19
Z52543,114,102,12
Z52544,3911,3292,619
Z52548,60,41,19
Z52549,271,251,20
Z52550,232,210,22
Z52551,311,256,55
Z52552,398,314,84
Z52553,843,786,57
Z52554,684,609,75
Z52555,211,147,64
Z52556,5851,5294,557
Z52557,0,0,0
Z52560,208,200,8
Z52561,359,340,19
Z52563,782,665,117
Z52565,1023,748,275
Z52566,82,82,0
Z52567,363,329,34
Z52569,517,276,241
Z52570,388,294,94
Z52571,810,655,155
Z52572,580,471,109
Z52573,61,50,11
Z52574,419,350,69
Z52576,254,225,29
Z52577,6784,6251,533
Z52580,194,171,23
Z52581,191,161,30
Z52583,223,165,58
Z52584,184,169,15
Z52585,467,385,82
Z52586,216,193,23
Z52588,33,8,25
Z52590,534,435,99
Z52591,1517,1334,183
Z52593,48,43,5
Z52594,184,152,32
Z52595,180,174,6
Z52601,13815,12416,1399
Z52619,201,176,25
Z52620,394,330,64
Z52621,359,329,30
Z52623,796,758,38
Z52624,125,119,6
Z52625,1168,1014,154
Z52626,654,570,84
Z52627,6225,5406,819
Z52630,246,221,25
Z52632,5729,5244,485
Z52635,352,336,16
Z52637,1034,952,82
Z52638,211,194,17
Z52639,986,798,188
Z52640,620,576,44
Z52641,4758,4498,260
Z52644,167,154,13
Z52645,1331,1269,62
Z52646,134,117,17
Z52647,100,85,15
Z52649,371,344,27
Z52650,360,341,19
Z52651,330,273,57
Z52653,1710,1384,326
Z52654,681,632,49
Z52655,2147,1965,182
Z52656,1142,1066,76
Z52657,28,24,4
Z52658,418,387,31
Z52659,752,573,179
Z52660,75,75,0
Z52701,34,33,1
Z52720,391,362,29
Z52721,313,294,19
Z52722,15198,14424,774
Z52726,1888,1815,73
Z52727,181,166,15
Z52728,458,442,16
Z52729,360,340,20
Z52730,2269,2162,107
Z52731,323,318,5
Z52732,12920,11749,1171
Z52737,166,151,15
Z52738,1582,1359,223
Z52739,287,246,41
Z52742,3236,3099,137
Z52745,309,271,38
Z52746,393,386,7
Z52747,983,911,72
Z52748,3667,3560,107
Z52749,402,380,22
Z52750,221,202,19
Z52751,418,390,28
Z52752,208,188,20
Z52753,2373,2178,195
Z52754,603,549,54
Z52755,906,817,89
Z52756,831,704,127
Z52757,75,57,18
Z52758,91,85,6
Z52760,173,173,0
Z52761,12801,11794,1007
Z52765,153,150,3
Z52766,447,419,28
Z52767,76,76,0
Z52768,632,593,39
Z52769,284,274,10
Z52772,2217,2070,147
Z52773,1065,951,114
Z52774,48,37,11
Z52776,1668,1444,224
Z52777,572,513,59
Z52778,1916,1721,195
Z52801,681,536,145
Z52802,4444,3845,599
Z52803,10353,9182,1171
Z52804,11598,10829,769
Z52806,11607,10972,635
Z52807,7028,6700,328
Z53001,812,757,55
Z53002,977,977,0
Z53003,34,29,5
Z53004,1338,1226,112
Z53005,7753,7580,173
Z53006,743,709,34
Z53007,950,896,54
Z53010,3447,3000,447
Z53011,1106,904,202
Z53012,7454,7121,333
Z53013,1424,1276,148
Z53014,3716,3189,527
Z53015,1087,995,92
Z53016,149,138,11
Z53017,2304,2208,96
Z53018,3146,3014,132
Z53019,822,743,79
Z53020,1877,1636,241
Z53021,1921,1834,87
Z53022,7917,7601,316
Z53023,561,532,29
Z53024,6948,6602,346
Z53027,9305,8743,562
Z53029,8123,7667,456
Z53031,3,3,0
Z53032,2056,1791,265
Z53033,2063,1941,122
Z53034,811,731,80
Z53035,1046,926,120
Z53036,1108,999,109
Z53037,4044,3880,164
Z53038,1653,1594,59
Z53039,1870,1620,250
Z53040,3028,2984,44
Z53042,3116,2902,214
Z53044,1025,961,64
Z53045,8843,8409,434
Z53046,520,489,31
Z53047,21,21,0
Z53048,1366,1246,120
Z53049,1123,910,213
Z53050,2999,2759,240
Z53051,15222,14666,556
Z53057,705,645,60
Z53058,1621,1424,197
Z53059,731,677,54
Z53061,2396,2161,235
Z53063,648,602,46
Z53065,961,915,46
Z53066,14487,13331,1156
Z53069,301,301,0
Z53070,2092,1908,184
Z53072,10981,10449,532
Z53073,6491,5978,513
Z53074,5589,5283,306
Z53075,1406,1312,94
Z53076,1247,1174,73
Z53078,731,722,9
Z53079,643,561,82
Z53080,2432,2283,149
Z53081,19515,17973,1542
Z53083,8587,7954,633
Z53085,5044,4772,272
Z53086,3374,3227,147
Z53088,207,201,6
Z53089,7213,7001,212
Z53090,8941,8544,397
Z53091,864,804,60
Z53092,9237,8796,441
Z53093,792,746,46
Z53094,8054,7539,515
Z53095,12080,11515,565
Z53097,2204,1997,207
Z53098,4960,4467,493
Z53103,1472,1450,22
Z53104,2287,2052,235
Z53105,12509,11214,1295
Z53108,1272,1223,49
Z53110,8204,7720,484
Z53114,1060,971,89
Z53115,8198,6198,2000
Z53118,3015,2826,189
Z53119,2083,1964,119
Z53120,4488,4045,443
Z53121,8359,7455,904
Z53122,2473,2295,178
Z53125,2605,755,1850
Z53126,2669,2643,26
Z53128,4224,3101,1123
Z53129,6126,5859,267
Z53130,3418,3208,210
Z53132,13745,13110,635
Z53137,717,642,75
Z53139,1425,1190,235
Z53140,13213,11789,1424
Z53142,12429,11732,697
Z53143,9779,8697,1082
Z53144,10447,9851,596
Z53146,3119,3077,42
Z53147,10098,6622,3476
Z53149,7586,7335,251
Z53150,10130,9451,679
Z53151,14105,13639,466
Z53153,882,861,21
Z53154,14395,14027,368
Z53156,1414,1193,221
Z53158,6466,6015,451
Z53167,229,229,0
Z53168,3801,3273,528
Z53170,1113,846,267
Z53172,8956,8454,502
Z53177,2794,2674,120
Z53178,1177,1125,52
Z53179,2430,2257,173
Z53181,3795,2743,1052
Z53182,3446,3308,138
Z53183,1125,1084,41
Z53184,1788,1643,145
Z53185,7442,6990,452
Z53186,14298,13748,550
Z53188,14596,14095,501
Z53189,9983,9789,194
Z53190,7450,6438,1012
Z53191,2320,1278,1042
Z53192,91,91,0
Z53195,52,43,9
Z53202,16971,15320,1651
Z53203,836,762,74
Z53204,14865,13070,1795
Z53205,4057,3482,575
Z53206,11323,8566,2757
Z53207,17518,16646,872
Z53208,14578,12289,2289
Z53209,20948,18254,2694
Z53210,11675,9678,1997
Z53211,15579,14531,1048
Z53212,15183,13327,1856
Z53213,12007,11440,567
Z53214,16988,15800,1188
Z53215,21383,19403,1980
Z53216,14065,12843,1222
Z53217,12020,11526,494
Z53218,15624,14037,1587
Z53219,16332,15543,789
Z53220,12374,11689,685
Z53221,16370,15492,878
Z53222,11910,11247,663
Z53223,13625,12516,1109
Z53224,8705,7924,781
Z53225,10635,9592,1043
Z53226,8536,8151,385
Z53227,11402,10649,753
Z53228,6696,6330,366
Z53233,5478,4615,863
Z53235,4980,4638,342
Z53295,0,0,0
Z53402,14235,12977,1258
Z53403,11881,10527,1354
Z53404,6187,5300,887
Z53405,10947,9865,1082
Z53406,11644,11002,642
Z53501,48,48,0
Z53502,1045,983,62
Z53503,849,794,55
Z53504,938,822,116
Z53505,181,178,3
Z53506,610,458,152
Z53507,930,865,65
Z53508,2194,2074,120
Z53510,636,609,27
Z53511,20445,18861,1584
Z53515,1011,946,65
Z53516,1005,910,95
Z53517,743,692,51
Z53518,738,581,157
Z53520,2830,2636,194
Z53521,1433,1364,69
Z53522,485,415,70
Z53523,2404,1994,410
Z53525,1571,1488,83
Z53526,289,268,21
Z53527,3832,3698,134
Z53528,2344,2259,85
Z53529,896,877,19
Z53530,1936,1806,130
Z53531,1742,1707,35
Z53532,5624,5567,57
Z53533,3128,2935,193
Z53534,5685,5024,661
Z53536,3579,3352,227
Z53537,260,241,19
Z53538,8141,7529,612
Z53540,110,95,15
Z53541,393,339,54
Z53543,782,677,105
Z53544,363,325,38
Z53545,10416,9656,760
Z53546,12814,12284,530
Z53548,7807,7304,503
Z53549,4068,3895,173
Z53550,464,437,27
Z53551,3736,3331,405
Z53553,228,219,9
Z53554,469,434,35
Z53555,4224,3480,744
Z53556,1230,1090,140
Z53557,207,181,26
Z53558,4734,4641,93
Z53559,2313,2219,94
Z53560,1522,1444,78
Z53561,1138,695,443
Z53562,11253,10907,346
Z53563,4569,4332,237
Z53565,2186,1957,229
Z53566,6822,6400,422
Z53569,514,449,65
Z53570,1166,1101,65
Z53571,110,110,0
Z53572,4206,4045,161
Z53573,1599,1328,271
Z53574,1606,1517,89
Z53575,6212,5846,366
Z53576,973,910,63
Z53577,641,566,75
Z53578,2694,2466,228
Z53579,715,655,60
Z53580,241,235,6
Z53581,5115,4519,596
Z53582,479,429,50
Z53583,2466,2277,189
Z53585,997,874,123
Z53586,1011,946,65
Z53587,540,465,75
Z53588,2005,1702,303
Z53589,8515,8120,395
Z53590,15266,14574,692
Z53593,8597,8252,345
Z53594,2249,2074,175
Z53597,6738,6564,174
Z53598,1167,1093,74
Z53599,41,39,2
Z53702,19,19,0
Z53703,15463,14409,1054
Z53704,21256,20344,912
Z53705,12179,11440,739
Z53706,85,85,0
Z53711,20049,19472,577
Z53713,10764,10078,686
Z53714,7460,7202,258
Z53715,5167,4889,278
Z53716,8369,8158,211
Z53717,6012,5898,114
Z53718,5726,5480,246
Z53719,13772,13162,610
Z53726,2341,2287,54
Z53792,0,0,0
Z53801,737,401,336
Z53802,29,23,6
Z53803,583,544,39
Z53804,587,536,51
Z53805,2348,2059,289
Z53806,998,738,260
Z53807,1942,1889,53
Z53808,487,480,7
Z53809,1809,1565,244
Z53810,202,162,40
Z53811,1322,1234,88
Z53813,2617,2398,219
Z53816,356,274,82
Z53817,87,70,17
Z53818,5333,5070,263
Z53820,1165,1053,112
Z53821,4112,3386,726
Z53825,212,199,13
Z53826,619,480,139
Z53827,125,93,32
Z53901,6458,5750,708
Z53910,1899,1219,680
Z53911,583,551,32
Z53913,9466,8561,905
Z53916,10340,9153,1187
Z53919,1034,998,36
Z53920,319,174,145
Z53922,425,402,23
Z53923,788,713,75
Z53924,685,573,112
Z53925,3588,3218,370
Z53926,508,441,67
Z53928,49,47,2
Z53929,1285,1060,225
Z53930,602,509,93
Z53931,96,92,4
Z53932,1101,990,111
Z53933,1658,1160,498
Z53934,4036,1764,2272
Z53935,117,112,5
Z53936,1150,507,643
Z53937,439,343,96
Z53939,106,95,11
Z53941,1929,1167,762
Z53943,453,400,53
Z53944,1244,837,407
Z53946,2686,1883,803
Z53947,153,65,88
Z53948,4346,3164,1182
Z53949,4110,2522,1588
Z53950,2879,1853,1026
Z53951,1064,880,184
Z53952,2270,1365,905
Z53953,155,102,53
Z53954,3087,2792,295
Z53955,2833,2324,509
Z53956,1358,1180,178
Z53959,5770,5458,312
Z53960,1490,1409,81
Z53961,351,294,57
Z53963,5152,4842,310
Z53964,2094,1433,661
Z53965,6735,3937,2798
Z53968,1132,953,179
Z53969,129,104,25
Z54001,4291,3400,891
Z54002,2754,2561,193
Z54003,398,358,40
Z54004,1092,944,148
Z54005,1289,1188,101
Z54006,350,312,38
Z54007,522,485,37
Z54009,1038,931,107
Z54010,22,22,0
Z54011,2667,2556,111
Z54013,1346,1301,45
Z54014,910,827,83
Z54015,1313,1261,52
Z54016,12557,12046,511
Z54017,6572,6239,333
Z54020,3223,2820,403
Z54021,2592,2392,200
Z54022,8674,8101,573
Z54023,1495,1418,77
Z54024,2790,2097,693
Z54025,2696,2529,167
Z54026,837,687,150
Z54027,413,368,45
Z54028,973,896,77
Z54082,706,567,139
Z54101,1120,1052,68
Z54102,1375,413,962
Z54103,517,203,314
Z54104,2608,563,2045
Z54106,1975,1830,145
Z54107,1491,1357,134
Z54110,2173,2004,169
Z54111,1199,932,267
Z54112,1096,996,100
Z54113,1421,1352,69
Z54114,6213,2465,3748
Z54115,17305,16599,706
Z54119,849,258,591
Z54120,655,94,561
Z54121,3139,1364,1775
Z54123,115,100,15
Z54124,1899,1540,359
Z54125,512,306,206
Z54126,1370,1321,49
Z54127,29,19,10
Z54128,959,702,257
Z54129,1461,1291,170
Z54130,10365,9886,479
Z54135,1890,880,1010
Z54136,2788,2687,101
Z54137,464,433,31
Z54138,1391,418,973
Z54139,1380,1239,141
Z54140,3941,3609,332
Z54141,991,919,72
Z54143,7402,6697,705
Z54149,1921,645,1276
Z54150,373,355,18
Z54151,1910,1450,460
Z54153,3548,2995,553
Z54154,2729,2386,343
Z54155,2434,2276,158
Z54156,2132,642,1490
Z54157,2851,2448,403
Z54159,846,598,248
Z54160,107,105,2
Z54161,2379,1237,1142
Z54162,3681,3331,350
Z54165,3092,2860,232
Z54166,8873,7282,1591
Z54169,982,965,17
Z54170,1526,1396,130
Z54171,1330,1303,27
Z54173,1683,1512,171
Z54174,2445,1230,1215
Z54175,1929,458,1471
Z54177,2823,1379,1444
Z54180,1107,1107,0
Z54201,2756,2228,528
Z54202,1757,715,1042
Z54204,1024,702,322
Z54205,909,842,67
Z54207,71,71,0
Z54208,2552,2380,172
Z54209,2114,600,1514
Z54210,1335,436,899
Z54211,691,126,565
Z54212,1643,471,1172
Z54213,599,486,113
Z54214,120,99,21
Z54216,3076,2649,427
Z54217,3069,2698,371
Z54220,18695,17068,1627
Z54227,661,633,28
Z54228,1214,1092,122
Z54229,1761,1676,85
Z54230,1928,1771,157
Z54232,325,311,14
Z54234,2262,777,1485
Z54235,11366,7976,3390
Z54241,6959,6295,664
Z54245,1088,963,125
Z54246,1000,394,606
Z54247,1002,921,81
Z54301,10011,9121,890
Z54302,13657,12724,933
Z54303,12428,11666,762
Z54304,13265,12709,556
Z54307,0,0,0
Z54311,13687,13077,610
Z54313,14323,13783,540
Z54401,13931,12916,1015
Z54403,11017,10074,943
Z54405,1207,1138,69
Z54406,1452,1328,124
Z54407,730,591,139
Z54408,476,425,51
Z54409,6277,5768,509
Z54410,876,800,76
Z54411,2060,1899,161
Z54412,833,776,57
Z54413,96,52,44
Z54414,1501,1253,248
Z54416,935,717,218
Z54417,20,20,0
Z54418,538,399,139
Z54420,468,442,26
Z54421,1303,1204,99
Z54422,418,387,31
Z54423,961,880,81
Z54424,1321,728,593
Z54425,836,794,42
Z54426,1660,1578,82
Z54427,485,436,49
Z54428,1390,556,834
Z54430,73,48,25
Z54433,943,717,226
Z54435,1671,903,768
Z54436,974,789,185
Z54437,1344,1164,180
Z54440,1359,1237,122
Z54441,355,331,24
Z54442,669,430,239
Z54443,982,872,110
Z54446,1204,1127,77
Z54447,262,226,36
Z54448,1732,1632,100
Z54449,11871,11191,680
Z54450,199,181,18
Z54451,5793,5063,730
Z54452,9087,7998,1089
Z54454,571,541,30
Z54455,7259,6567,692
Z54456,3149,2563,586
Z54457,6262,3580,2682
Z54458,45,39,6
Z54459,1041,578,463
Z54460,1127,1011,116
Z54462,411,155,256
Z54463,1064,313,751
Z54465,976,308,668
Z54466,1616,1207,409
Z54467,6179,5650,529
Z54469,735,679,56
Z54470,1233,931,302
Z54471,762,662,100
Z54473,1286,1014,272
Z54474,1768,1647,121
Z54475,651,606,45
Z54476,8258,7778,480
Z54479,1677,1573,104
Z54480,559,539,20
Z54481,12151,11456,695
Z54482,3859,3611,248
Z54484,2031,1963,68
Z54485,403,136,267
Z54486,1298,1008,290
Z54487,7887,4553,3334
Z54488,404,389,15
Z54489,679,599,80
Z54490,625,375,250
Z54491,1727,738,989
Z54493,553,256,297
Z54494,12479,11709,770
Z54495,3729,3440,289
Z54498,967,845,122
Z54499,1465,1224,241
Z54501,11997,8145,3852
Z54511,1489,551,938
Z54512,1190,406,784
Z54513,370,188,182
Z54514,1533,860,673
Z54515,375,224,151
Z54517,354,59,295
Z54519,1521,581,940
Z54520,3271,1765,1506
Z54521,7658,3799,3859
Z54524,624,414,210
Z54525,167,127,40
Z54526,503,364,139
Z54527,985,453,532
Z54529,1362,467,895
Z54530,612,367,245
Z54531,1581,644,937
Z54534,1826,1158,668
Z54536,183,110,73
Z54537,402,229,173
Z54538,3390,1495,1895
Z54539,1806,499,1307
Z54540,1612,494,1118
Z54541,861,463,398
Z54542,1279,207,1072
Z54545,1460,452,1008
Z54546,905,530,375
Z54547,2132,680,1452
Z54548,5174,2080,3094
Z54550,419,291,128
Z54552,3550,2056,1494
Z54554,1495,553,942
Z54555,3807,2340,1467
Z54556,814,590,224
Z54557,2279,496,1783
Z54558,2431,1041,1390
Z54559,517,327,190
Z54560,624,216,408
Z54561,86,13,73
Z54562,3087,807,2280
Z54563,402,305,97
Z54564,713,233,480
Z54565,163,43,120
Z54566,1353,557,796
Z54568,4081,2359,1722
Z54601,20942,19637,1305
Z54603,6698,6356,342
Z54610,976,706,270
Z54611,522,440,82
Z54612,2037,1892,145
Z54613,2483,786,1697
Z54614,1258,1203,55
Z54615,4642,4063,579
Z54616,1178,1033,145
Z54618,1076,854,222
Z54619,1378,1247,131
Z54621,488,475,13
Z54622,1137,967,170
Z54623,854,797,57
Z54624,960,626,334
Z54625,131,126,5
Z54626,866,511,355
Z54627,878,787,91
Z54628,778,435,343
Z54629,1271,1107,164
Z54630,1745,1667,78
Z54631,927,717,210
Z54632,551,458,93
Z54634,1915,1606,309
Z54635,895,744,151
Z54636,5645,5386,259
Z54637,84,78,6
Z54638,697,603,94
Z54639,1166,925,241
Z54641,7,1,6
Z54642,934,794,140
Z54643,8,4,4
Z54644,571,553,18
Z54645,32,32,0
Z54646,2815,1516,1299
Z54648,666,558,108
Z54650,10005,9466,539
Z54651,628,487,141
Z54652,520,379,141
Z54653,338,325,13
Z54654,49,49,0
Z54655,954,711,243
Z54656,7543,7053,490
Z54657,219,163,56
Z54658,1121,1029,92
Z54659,608,522,86
Z54660,7046,6537,509
Z54661,1592,1469,123
Z54664,870,637,233
Z54665,3938,3493,445
Z54666,1612,1111,501
Z54667,1969,1798,171
Z54669,3127,3009,118
Z54670,625,566,59
Z54701,16772,15849,923
Z54703,18341,17407,934
Z54720,3060,2921,139
Z54721,619,539,80
Z54722,1841,1424,417
Z54723,584,542,42
Z54724,3059,2784,275
Z54725,1267,1156,111
Z54726,750,677,73
Z54727,2132,1957,175
Z54728,3605,2586,1019
Z54729,14054,13350,704
Z54730,2173,1940,233
Z54731,411,260,151
Z54732,1356,1167,189
Z54733,519,460,59
Z54734,357,315,42
Z54736,1771,1603,168
Z54737,248,222,26
Z54738,1227,1159,68
Z54739,1863,1752,111
Z54740,878,804,74
Z54741,807,626,181
Z54742,1775,1651,124
Z54745,1511,882,629
Z54746,395,297,98
Z54747,1245,1120,125
Z54748,714,594,120
Z54749,559,491,68
Z54750,498,419,79
Z54751,10228,9357,871
Z54754,1296,745,551
Z54755,3187,2955,232
Z54756,488,434,54
Z54757,2100,1333,767
Z54758,2067,1864,203
Z54759,904,625,279
Z54760,99,90,9
Z54761,519,469,50
Z54762,606,510,96
Z54763,505,437,68
Z54765,25,25,0
Z54766,825,573,252
Z54767,1446,1325,121
Z54768,2018,1804,214
Z54769,392,241,151
Z54770,869,823,46
Z54771,1764,1518,246
Z54772,467,395,72
Z54773,1402,1295,107
Z54801,4915,2978,1937
Z54805,721,539,182
Z54806,5547,4957,590
Z54810,2166,935,1231
Z54812,2225,2052,173
Z54813,416,261,155
Z54814,1827,1115,712
Z54817,2267,1031,1236
Z54819,1699,1140,559
Z54820,500,325,175
Z54821,1789,683,1106
Z54822,2104,1865,239
Z54824,1179,958,221
Z54826,649,302,347
Z54827,408,111,297
Z54828,765,342,423
Z54829,3316,2271,1045
Z54830,5021,1532,3489
Z54832,615,220,395
Z54835,805,427,378
Z54836,463,372,91
Z54837,2152,1506,646
Z54838,1639,597,1042
Z54839,197,134,63
Z54840,2909,1989,920
Z54841,153,129,24
Z54842,73,54,19
Z54843,9588,4987,4601
Z54844,525,146,379
Z54845,88,62,26
Z54846,289,228,61
Z54847,2062,1042,1020
Z54848,3133,2522,611
Z54849,1284,862,422
Z54850,888,104,784
Z54853,2686,1720,966
Z54854,516,389,127
Z54855,353,262,91
Z54856,1058,634,424
Z54857,66,27,39
Z54858,1070,730,340
Z54859,2306,777,1529
Z54861,68,61,7
Z54862,361,143,218
Z54864,578,536,42
Z54865,467,220,247
Z54867,312,143,169
Z54868,7786,6890,896
Z54870,1548,722,826
Z54871,2016,1354,662
Z54872,2197,1285,912
Z54873,3024,1320,1704
Z54874,1643,1509,134
Z54875,835,510,325
Z54876,2064,702,1362
Z54880,14040,12922,1118
Z54888,1434,599,835
Z54889,1789,1140,649
Z54891,1774,1543,231
Z54893,3781,1756,2025
Z54895,690,467,223
Z54896,2189,696,1493
Z54901,14901,13556,1345
Z54902,10974,10093,881
Z54904,8990,8831,159
Z54909,1103,902,201
Z54911,11295,10449,846
Z54913,7927,7697,230
Z54914,13665,12847,818
Z54915,16637,15962,675
Z54921,547,471,76
Z54922,596,546,50
Z54923,4072,3741,331
Z54927,261,229,32
Z54928,184,148,36
Z54929,4341,3740,601
Z54930,1117,674,443
Z54931,105,92,13
Z54932,522,504,18
Z54933,111,107,4
Z54934,106,97,9
Z54935,19215,17958,1257
Z54937,7755,7323,432
Z54940,2077,1673,404
Z54941,1943,1140,803
Z54942,3346,3233,113
Z54943,1526,823,703
Z54944,3320,3125,195
Z54945,2019,1572,447
Z54946,0,0,0
Z54947,1336,1106,230
Z54948,151,107,44
Z54949,1578,1393,185
Z54950,1491,1240,251
Z54952,11413,10809,604
Z54956,18848,18053,795
Z54960,2217,1189,1028
Z54961,6277,5734,543
Z54962,588,471,117
Z54963,2813,2724,89
Z54964,456,415,41
Z54965,657,561,96
Z54966,982,761,221
Z54967,215,161,54
Z54968,1713,1205,508
Z54970,1832,1272,560
Z54971,4768,4314,454
Z54974,596,561,35
Z54977,655,548,107
Z54979,605,551,54
Z54980,85,76,9
Z54981,8128,6283,1845
Z54982,4491,2937,1554
Z54983,2135,1735,400
Z54984,2599,1348,1251
Z54985,0,0,0
Z54986,2554,2051,503
Z55001,1245,1180,65
Z55003,1100,1013,87
Z55005,1493,1434,59
Z55006,1636,1459,177
Z55007,1221,938,283
Z55008,5956,5558,398
Z55009,3335,3129,206
Z55011,3786,3533,253
Z55012,781,701,80
Z55013,2978,2773,205
Z55014,10103,9850,253
Z55016,12188,11708,480
Z55017,313,290,23
Z55018,393,382,11
Z55019,778,737,41
Z55020,1277,1214,63
Z55021,11892,10826,1066
Z55024,11901,11528,373
Z55025,9367,8900,467
Z55026,238,173,65
Z55027,1117,1058,59
Z55029,31,31,0
Z55030,693,515,178
Z55031,826,802,24
Z55032,1310,1188,122
Z55033,12440,11810,630
Z55036,32,32,0
Z55037,3212,2080,1132
Z55038,7653,7333,320
Z55040,5180,4764,416
Z55041,3748,3282,466
Z55042,3174,3093,81
Z55043,1564,1435,129
Z55044,17068,16589,479
Z55045,3307,2902,405
Z55046,1965,1816,149
Z55047,1305,1097,208
Z55049,944,899,45
Z55051,4647,3725,922
Z55052,920,815,105
Z55053,403,367,36
Z55054,879,879,0
Z55055,1481,1430,51
Z55056,5143,5013,130
Z55057,8584,8003,581
Z55060,12291,11467,824
Z55063,4812,3720,1092
Z55065,436,410,26
Z55066,8576,7868,708
Z55068,10103,9890,213
Z55069,2070,1812,258
Z55070,2863,2651,212
Z55071,2171,2115,56
Z55072,2442,1432,1010
Z55073,1359,1250,109
Z55074,898,817,81
Z55075,8880,8366,514
Z55076,8980,8820,160
Z55077,5050,4878,172
Z55079,3107,2919,188
Z55080,1113,903,210
Z55082,14373,13525,848
Z55084,669,629,40
Z55085,166,166,0
Z55087,143,143,0
Z55088,653,621,32
Z55089,755,705,50
Z55090,167,161,6
Z55092,4102,4011,91
Z55101,4423,4209,214
Z55102,9741,8884,857
Z55103,5207,4908,299
Z55104,18224,17190,1034
Z55105,11532,11113,419
Z55106,19451,17916,1535
Z55107,5713,5326,387
Z55108,6494,6166,328
Z55109,13539,13077,462
Z55110,16433,15776,657
Z55111,0,0,0
Z55112,17493,16928,565
Z55113,18211,17272,939
Z55114,1742,1669,73
Z55115,3421,3263,158
Z55116,11911,11341,570
Z55117,17094,16044,1050
Z55118,12284,11767,517
Z55119,15957,15271,686
Z55120,1854,1820,34
Z55121,3776,3638,138
Z55122,13139,12815,324
Z55123,9585,9378,207
Z55124,19925,19413,512
Z55125,16994,16479,515
Z55126,11245,10981,264
Z55127,7680,7416,264
Z55128,11775,11461,314
Z55129,7750,7580,170
Z55130,5907,5327,580
Z55150,80,76,4
Z55155,0,0,0
Z55301,3662,3554,108
Z55302,3994,2800,1194
Z55303,18026,17399,627
Z55304,15841,15492,349
Z55305,9879,9266,613
Z55306,7007,6638,369
Z55307,1398,1304,94
Z55308,3183,3003,180
Z55309,6467,6077,390
Z55310,743,599,144
Z55311,12900,12682,218
Z55312,709,658,51
Z55313,8992,8403,589
Z55314,561,478,83
Z55315,1701,1640,61
Z55316,8903,8608,295
Z55317,7621,7402,219
Z55318,10095,9690,405
Z55319,2240,1901,339
Z55320,2083,1880,203
Z55321,1971,1801,170
Z55322,1207,1152,55
Z55324,694,521,173
Z55325,2135,1693,442
Z55327,1321,1321,0
Z55328,3286,3172,114
Z55329,979,828,151
Z55330,13781,13098,683
Z55331,7400,6808,592
Z55332,850,728,122
Z55333,409,362,47
Z55334,1321,1226,95
Z55335,711,627,84
Z55336,3458,3176,282
Z55337,19095,18212,883
Z55338,437,417,20
Z55339,417,391,26
Z55340,2386,2360,26
Z55341,1085,1049,36
Z55342,1004,826,178
Z55343,11946,11313,633
Z55344,7433,7144,289
Z55345,9116,8931,185
Z55346,6362,6297,65
Z55347,11421,11001,420
Z55349,1705,1507,198
Z55350,7912,7552,360
Z55352,3298,3225,73
Z55353,1439,1281,158
Z55354,1059,1016,43
Z55355,4349,3897,452
Z55356,2219,2088,131
Z55357,1150,1133,17
Z55358,2413,1953,460
Z55359,2518,2390,128
Z55360,927,900,27
Z55362,7212,6889,323
Z55363,1787,1645,142
Z55364,6538,6097,441
Z55366,206,189,17
Z55367,403,394,9
Z55368,967,912,55
Z55369,14209,13800,409
Z55370,353,338,15
Z55371,6618,6184,434
Z55372,11656,11215,441
Z55373,2124,2024,100
Z55374,4881,4760,121
Z55375,1519,1481,38
Z55376,5517,5365,152
Z55378,9767,9577,190
Z55379,14930,14312,618
Z55381,949,846,103
Z55382,2087,1401,686
Z55384,1070,987,83
Z55385,572,519,53
Z55386,2441,2374,67
Z55387,5060,4803,257
Z55388,2411,2272,139
Z55389,1038,952,86
Z55390,1071,961,110
Z55391,6902,6432,470
Z55395,1190,1140,50
Z55396,983,867,116
Z55397,1049,1042,7
Z55398,5686,5235,451
Z55401,5510,4876,634
Z55402,378,322,56
Z55403,11512,10463,1049
Z55404,13431,12060,1371
Z55405,7999,7558,441
Z55406,15945,15103,842
Z55407,15205,14431,774
Z55408,16343,15294,1049
Z55409,5053,4889,164
Z55410,8913,8307,606
Z55411,10358,9413,945
Z55412,9239,8148,1091
Z55413,6803,6289,514
Z55414,10699,9973,726
Z55415,1455,1278,177
Z55416,16538,15446,1092
Z55417,11309,11047,262
Z55418,14054,13217,837
Z55419,11163,10667,496
Z55420,9593,9255,338
Z55421,11937,11262,675
Z55422,13028,12417,611
Z55423,15915,15106,809
Z55424,3560,3442,118
Z55425,4248,4039,209
Z55426,12221,11677,544
Z55427,9932,9579,353
Z55428,12245,11748,497
Z55429,10917,10232,685
Z55430,8564,8036,528
Z55431,8484,8075,409
Z55432,12745,12389,356
Z55433,13941,13570,371
Z55434,11421,10994,427
Z55435,7188,6620,568
Z55436,5954,5379,575
Z55437,8247,7866,381
Z55438,7715,7527,188
Z55439,3626,3448,178
Z55441,8135,7760,375
Z55442,5906,5620,286
Z55443,11596,10803,793
Z55444,5482,5132,350
Z55445,3800,3638,162
Z55446,8829,8438,391
Z55447,8874,8613,261
Z55448,10782,10541,241
Z55449,9406,9243,163
Z55450,0,0,0
Z55454,3335,3091,244
Z55455,0,0,0
Z55601,104,35,69
Z55602,374,95,279
Z55603,581,255,326
Z55604,3301,1556,1745
Z55605,343,287,56
Z55606,406,115,291
Z55607,255,59,196
Z55609,119,119,0
Z55612,1051,443,608
Z55613,293,117,176
Z55614,1658,1259,399
Z55615,277,134,143
Z55616,4273,3187,1086
Z55702,345,201,144
Z55703,432,347,85
Z55704,609,485,124
Z55705,1700,1431,269
Z55706,1192,830,362
Z55707,1721,1348,373
Z55708,555,478,77
Z55709,2692,1762,930
Z55710,847,497,350
Z55711,238,190,48
Z55712,444,226,218
Z55713,517,493,24
Z55716,173,153,20
Z55717,316,103,213
Z55718,1396,1231,165
Z55719,2603,2347,256
Z55720,7228,6585,643
Z55721,1860,1390,470
Z55722,555,457,98
Z55723,2544,1065,1479
Z55724,1037,354,683
Z55725,258,72,186
Z55726,683,427,256
Z55731,5033,2834,2199
Z55732,796,606,190
Z55733,1677,1613,64
Z55734,3412,2790,622
Z55735,1492,763,729
Z55736,1041,679,362
Z55738,279,217,62
Z55741,1792,1484,308
Z55742,279,146,133
Z55744,9877,8510,1367
Z55746,8881,7693,1188
Z55748,1082,645,437
Z55749,374,206,168
Z55750,1033,880,153
Z55751,718,637,81
Z55752,391,179,212
Z55753,502,420,82
Z55756,357,180,177
Z55757,599,392,207
Z55758,83,61,22
Z55760,4026,1520,2506
Z55763,810,271,539
Z55764,304,243,61
Z55765,492,357,135
Z55766,56,19,37
Z55767,1957,1552,405
Z55768,1428,1325,103
Z55769,1570,1053,517
Z55771,1879,748,1131
Z55772,60,59,1
Z55775,770,593,177
Z55779,1733,1451,282
Z55780,72,54,18
Z55781,836,317,519
Z55782,292,208,84
Z55783,1823,940,883
Z55784,72,46,26
Z55785,186,81,105
Z55786,130,125,5
Z55787,452,239,213
Z55790,2445,964,1481
Z55792,5476,4763,713
Z55793,374,225,149
Z55795,949,560,389
Z55797,682,565,117
Z55798,455,235,220
Z55802,1651,1377,274
Z55803,8335,6986,1349
Z55804,6225,5781,444
Z55805,5259,4797,462
Z55806,4721,4179,542
Z55807,4691,4361,330
Z55808,2668,2528,140
Z55810,3693,3601,92
Z55811,11151,10318,833
Z55812,3713,3428,285
Z55814,0,0,0
Z55901,22348,21272,1076
Z55902,9985,9448,537
Z55904,10538,9824,714
Z55905,0,0,0
Z55906,7873,7293,580
Z55909,550,503,47
Z55910,582,540,42
Z55912,12512,11324,1188
Z55917,1476,1387,89
Z55918,477,452,25
Z55919,534,446,88
Z55920,2652,2506,146
Z55921,2217,1930,287
Z55922,369,316,53
Z55923,2033,1801,232
Z55924,610,531,79
Z55925,416,372,44
Z55926,322,285,37
Z55927,1539,1499,40
Z55929,500,461,39
Z55931,162,154,8
Z55932,864,803,61
Z55933,106,88,18
Z55934,1328,1261,67
Z55935,393,379,14
Z55936,791,708,83
Z55939,906,809,97
Z55940,1135,1009,126
Z55941,422,382,40
Z55943,1434,1295,139
Z55944,2867,2743,124
Z55945,630,537,93
Z55946,1349,1272,77
Z55947,3262,3159,103
Z55949,1000,753,247
Z55950,83,63,20
Z55951,666,603,63
Z55952,924,897,27
Z55953,395,355,40
Z55954,745,583,162
Z55955,956,941,15
Z55956,818,755,63
Z55957,277,251,26
Z55959,982,843,139
Z55960,1354,1234,120
Z55961,196,171,25
Z55962,358,307,51
Z55963,2087,2029,58
Z55964,1833,1720,113
Z55965,1186,1055,131
Z55967,354,340,14
Z55968,70,56,14
Z55969,442,428,14
Z55970,393,377,16
Z55971,1298,1233,65
Z55972,1800,1683,117
Z55973,135,123,12
Z55974,998,875,123
Z55975,2022,1799,223
Z55976,3142,2982,160
Z55977,96,82,14
Z55979,373,350,23
Z55981,2219,1871,348
Z55982,196,188,8
Z55983,654,609,45
Z55985,823,749,74
Z55987,14913,13538,1375
Z55990,394,357,37
Z55991,628,541,87
Z55992,2092,1952,140
Z56001,19208,17980,1228
Z56003,6370,6210,160
Z56007,9881,9155,726
Z56009,682,586,96
Z56010,549,481,68
Z56011,3366,2994,372
Z56013,2088,1974,114
Z56014,376,321,55
Z56016,433,385,48
Z56017,881,645,236
Z56019,419,371,48
Z56020,54,50,4
Z56021,425,408,17
Z56022,48,33,15
Z56023,248,217,31
Z56024,1100,1086,14
Z56025,232,224,8
Z56026,843,734,109
Z56027,466,400,66
Z56028,723,514,209
Z56029,333,302,31
Z56031,5936,5333,603
Z56032,141,125,16
Z56033,193,155,38
Z56034,256,228,28
Z56035,172,145,27
Z56036,862,774,88
Z56037,660,614,46
Z56039,457,413,44
Z56041,483,447,36
Z56042,305,270,35
Z56043,227,217,10
Z56044,875,830,45
Z56045,370,321,49
Z56046,32,32,0
Z56047,75,68,7
Z56048,1682,1552,130
Z56050,744,660,84
Z56051,364,341,23
Z56052,398,354,44
Z56054,416,377,39
Z56055,1748,1543,205
Z56056,37,32,5
Z56057,1637,1512,125
Z56058,2631,2445,186
Z56060,205,183,22
Z56062,1405,1250,155
Z56063,1492,1130,362
Z56065,1123,1020,103
Z56068,507,455,52
Z56069,1965,1822,143
Z56071,4419,4150,269
Z56072,1086,900,186
Z56073,7482,7059,423
Z56074,835,778,57
Z56075,108,97,11
Z56078,180,169,11
Z56080,282,271,11
Z56081,2687,2411,276
Z56082,4688,4473,215
Z56083,454,386,68
Z56085,2370,2138,232
Z56087,1430,1271,159
Z56088,937,804,133
Z56089,82,76,6
Z56090,299,280,19
Z56091,173,148,25
Z56093,5135,4811,324
Z56096,1645,1206,439
Z56097,1821,1647,174
Z56098,1036,907,129
Z56101,2862,2474,388
Z56110,826,793,33
Z56111,181,172,9
Z56113,150,115,35
Z56114,185,138,47
Z56115,598,468,130
Z56116,257,239,18
Z56117,145,121,24
Z56118,152,144,8
Z56119,439,407,32
Z56120,526,453,73
Z56121,302,258,44
Z56122,259,238,21
Z56123,286,225,61
Z56125,45,40,5
Z56127,200,176,24
Z56128,866,795,71
Z56129,320,282,38
Z56131,1152,1047,105
Z56132,364,223,141
Z56134,220,194,26
Z56136,618,469,149
Z56137,542,451,91
Z56138,374,347,27
Z56139,202,177,25
Z56140,42,26,16
Z56141,150,123,27
Z56142,546,446,100
Z56143,2213,1961,252
Z56144,548,502,46
Z56145,282,244,38
Z56146,18,18,0
Z56147,69,61,8
Z56149,779,566,213
Z56150,1294,1131,163
Z56151,395,338,57
Z56152,717,601,116
Z56153,113,95,18
Z56155,194,159,35
Z56156,2752,2537,215
Z56157,393,319,74
Z56158,208,182,26
Z56159,1209,1144,65
Z56160,120,88,32
Z56161,167,150,17
Z56162,110,108,2
Z56164,2742,2457,285
Z56165,168,158,10
Z56166,105,94,11
Z56167,306,286,20
Z56168,415,367,48
Z56169,315,280,35
Z56170,284,226,58
Z56171,894,747,147
Z56172,1612,1407,205
Z56173,168,153,15
Z56174,174,138,36
Z56175,1592,1193,399
Z56176,522,461,61
Z56177,19,19,0
Z56178,806,697,109
Z56180,608,508,100
Z56181,545,469,76
Z56183,645,551,94
Z56185,245,243,2
Z56186,171,158,13
Z56187,5316,4887,429
Z56201,9780,9106,674
Z56207,99,82,17
Z56208,1169,975,194
Z56209,1344,960,384
Z56210,11,3,8
Z56211,399,206,193
Z56212,300,217,83
Z56214,342,312,30
Z56215,2210,1979,231
Z56216,268,247,21
Z56218,295,232,63
Z56219,614,368,246
Z56220,1483,1288,195
Z56221,314,275,39
Z56222,818,738,80
Z56223,681,576,105
Z56224,185,155,30
Z56225,464,304,160
Z56226,105,94,11
Z56227,107,84,23
Z56228,456,407,49
Z56229,788,719,69
Z56230,391,337,54
Z56231,208,182,26
Z56232,1175,1024,151
Z56235,260,222,38
Z56236,166,148,18
Z56237,278,250,28
Z56239,225,209,16
Z56240,487,404,83
Z56241,1872,1639,233
Z56243,765,684,81
Z56244,568,518,50
Z56245,234,219,15
Z56248,403,350,53
Z56249,150,134,16
Z56251,413,400,13
Z56252,544,496,48
Z56253,654,432,222
Z56255,174,151,23
Z56256,1351,1139,212
Z56257,267,200,67
Z56258,6518,5958,560
Z56260,378,325,53
Z56262,344,283,61
Z56263,244,214,30
Z56264,989,884,105
Z56265,3640,3267,373
Z56266,769,654,115
Z56267,2987,2634,353
Z56270,423,377,46
Z56271,551,473,78
Z56273,2434,1958,476
Z56274,86,53,33
Z56276,163,135,28
Z56277,1427,1301,126
Z56278,1700,1260,440
Z56279,542,473,69
Z56280,232,212,20
Z56281,254,242,12
Z56282,585,539,46
Z56283,3061,2710,351
Z56284,1028,896,132
Z56285,542,467,75
Z56287,38,24,14
Z56288,2766,1890,876
Z56289,335,267,68
Z56291,230,211,19
Z56292,253,216,37
Z56293,499,450,49
Z56294,42,34,8
Z56295,150,134,16
Z56296,1162,916,246
Z56297,378,351,27
Z56301,12184,11305,879
Z56303,11621,11033,588
Z56304,6745,6075,670
Z56307,2083,1999,84
Z56308,13515,10744,2771
Z56309,711,483,228
Z56310,2253,1974,279
Z56311,376,253,123
Z56312,1045,883,162
Z56313,49,40,9
Z56314,517,484,33
Z56315,944,639,305
Z56316,702,559,143
Z56318,813,480,333
Z56319,731,571,160
Z56320,3541,3135,406
Z56321,0,0,0
Z56323,257,245,12
Z56324,635,447,188
Z56325,88,86,2
Z56326,834,613,221
Z56327,478,292,186
Z56328,54,53,1
Z56329,2825,2679,146
Z56330,706,651,55
Z56331,735,672,63
Z56332,682,525,157
Z56334,3539,2537,1002
Z56335,102,93,9
Z56336,1074,639,435
Z56338,1315,702,613
Z56339,646,503,143
Z56340,948,885,63
Z56342,2527,1218,1309
Z56343,505,397,108
Z56345,6568,6203,365
Z56347,3070,2666,404
Z56349,412,332,80
Z56350,530,245,285
Z56352,2485,2224,261
Z56353,3693,3298,395
Z56354,1030,575,455
Z56355,204,189,15
Z56356,127,126,1
Z56357,451,397,54
Z56358,1450,1234,216
Z56359,2236,1478,758
Z56360,2371,1592,779
Z56361,1195,925,270
Z56362,3008,2396,612
Z56363,60,56,4
Z56364,2248,2006,242
Z56367,2645,2497,148
Z56368,2403,1694,709
Z56369,297,267,30
Z56371,60,60,0
Z56373,1182,1130,52
Z56374,3159,2980,179
Z56375,348,339,9
Z56376,152,148,4
Z56377,7043,6780,263
Z56378,3714,3233,481
Z56379,6705,6567,138
Z56381,1362,1008,354
Z56382,700,566,134
Z56384,155,150,5
Z56385,608,362,246
Z56386,575,283,292
Z56387,3179,3124,55
Z56389,57,49,8
Z56401,15033,12054,2979
Z56425,3225,3109,116
Z56431,7885,4235,3650
Z56433,1410,807,603
Z56434,83,75,8
Z56435,2297,1209,1088
Z56436,31,25,6
Z56437,604,537,67
Z56438,1437,1123,314
Z56440,595,559,36
Z56441,2073,1584,489
Z56442,3241,1115,2126
Z56443,1573,637,936
Z56444,2755,1359,1396
Z56446,756,641,115
Z56447,1501,523,978
Z56448,647,155,492
Z56449,901,714,187
Z56450,1186,463,723
Z56452,3303,974,2329
Z56453,407,338,69
Z56455,874,697,177
Z56456,18,14,4
Z56458,262,133,129
Z56461,2066,1339,727
Z56464,2586,1734,852
Z56465,1687,865,822
Z56466,2081,1384,697
Z56467,2393,1024,1369
Z56468,3942,2077,1865
Z56469,1211,494,717
Z56470,7419,4644,2775
Z56472,5765,3018,2747
Z56473,1817,1430,387
Z56474,2632,1712,920
Z56475,732,658,74
Z56477,1347,1006,341
Z56479,2577,2146,431
Z56481,1000,870,130
Z56482,3035,2765,270
Z56484,2586,1554,1032
Z56501,9659,7213,2446
Z56510,1117,916,201
Z56511,1206,793,413
Z56514,1586,1432,154
Z56515,3022,1389,1633
Z56516,133,110,23
Z56517,131,125,6
Z56518,129,122,7
Z56519,148,123,25
Z56520,1862,1749,113
Z56521,367,311,56
Z56522,248,214,34
Z56523,250,215,35
Z56524,745,308,437
Z56525,61,53,8
Z56527,392,324,68
Z56528,1695,714,981
Z56529,1741,1643,98
Z56531,1116,873,243
Z56533,141,119,22
Z56534,642,508,134
Z56535,815,522,293
Z56536,233,192,41
Z56537,9054,7955,1099
Z56540,965,823,142
Z56541,10,10,0
Z56542,1407,1234,173
Z56543,135,104,31
Z56544,2680,2046,634
Z56545,354,294,60
Z56546,150,96,54
Z56547,1060,979,81
Z56548,367,311,56
Z56549,1972,1700,272
Z56550,245,183,62
Z56551,1461,936,525
Z56552,178,148,30
Z56553,123,119,4
Z56554,1819,1048,771
Z56556,535,425,110
Z56557,1232,1050,182
Z56560,16883,15653,1230
Z56565,41,26,15
Z56566,291,188,103
Z56567,1621,1383,238
Z56568,74,60,14
Z56569,849,556,293
Z56570,789,496,293
Z56571,1513,743,770
Z56572,3950,2211,1739
Z56573,3434,2592,842
Z56574,114,92,22
Z56575,598,281,317
Z56576,796,299,497
Z56577,7,7,0
Z56578,667,320,347
Z56579,534,456,78
Z56580,464,433,31
Z56581,176,115,61
Z56583,54,49,5
Z56584,769,609,160
Z56585,472,437,35
Z56586,1271,795,476
Z56587,1127,596,531
Z56588,430,249,181
Z56589,1490,821,669
Z56590,202,157,45
Z56591,59,54,5
Z56592,222,189,33
Z56593,9,9,0
Z56594,211,178,33
Z56601,14831,12760,2071
Z56621,2372,1830,542
Z56623,2053,1131,922
Z56626,301,148,153
Z56627,362,150,212
Z56628,1646,739,907
Z56629,175,81,94
Z56630,1106,801,305
Z56633,2477,1617,860
Z56634,810,645,165
Z56636,3257,1936,1321
Z56637,190,97,93
Z56639,475,199,276
Z56641,366,125,241
Z56644,544,346,198
Z56646,213,172,41
Z56647,513,342,171
Z56649,5358,4406,952
Z56650,577,302,275
Z56651,483,230,253
Z56652,307,186,121
Z56653,857,565,292
Z56654,130,55,75
Z56655,2185,758,1427
Z56657,577,128,449
Z56658,38,0,38
Z56659,62,25,37
Z56660,217,121,96
Z56661,774,388,386
Z56662,1056,288,768
Z56663,232,80,152
Z56666,317,263,54
Z56667,312,258,54
Z56668,63,43,20
Z56669,391,161,230
Z56670,454,419,35
Z56671,1087,933,154
Z56672,2541,938,1603
Z56673,662,302,360
Z56676,1016,703,313
Z56678,661,510,151
Z56680,184,76,108
Z56681,308,124,184
Z56683,429,290,139
Z56684,160,131,29
Z56685,287,52,235
Z56686,886,407,479
Z56687,25,23,2
Z56688,196,69,127
Z56701,5729,5422,307
Z56710,294,257,37
Z56711,206,22,184
Z56713,448,398,50
Z56714,578,504,74
Z56715,167,152,15
Z56716,3864,3615,249
Z56720,17,13,4
Z56721,4256,4052,204
Z56722,170,163,7
Z56723,396,381,15
Z56724,137,78,59
Z56725,507,400,107
Z56726,792,664,128
Z56727,578,321,257
Z56728,773,570,203
Z56729,87,60,27
Z56731,47,34,13
Z56732,571,465,106
Z56733,250,208,42
Z56734,359,221,138
Z56735,477,315,162
Z56736,1063,481,582
Z56737,487,370,117
Z56738,613,561,52
Z56741,166,6,160
Z56742,433,366,67
Z56744,265,233,32
Z56748,318,296,22
Z56750,1139,954,185
Z56751,2519,2242,277
Z56754,238,218,20
Z56755,59,42,17
Z56756,323,258,65
Z56757,505,450,55
Z56758,259,189,70
Z56759,211,127,84
Z56760,168,158,10
Z56761,275,190,85
Z56762,1188,1038,150
Z56763,2527,2161,366
Z57001,710,676,34
Z57002,450,408,42
Z57003,751,695,56
Z57004,1453,1310,143
Z57005,4097,3952,145
Z57006,10282,9356,926
Z57010,223,217,6
Z57012,501,442,59
Z57013,1895,1776,119
Z57014,685,581,104
Z57015,331,312,19
Z57016,433,282,151
Z57017,696,658,38
Z57018,601,563,38
Z57020,561,511,50
Z57021,121,117,4
Z57022,1823,1749,74
Z57024,205,178,27
Z57025,1278,1110,168
Z57026,539,496,43
Z57027,38,38,0
Z57028,1443,1371,72
Z57029,1047,889,158
Z57030,1201,1121,80
Z57031,297,286,11
Z57032,2224,2162,62
Z57033,1834,1780,54
Z57034,350,296,54
Z57035,536,526,10
Z57036,328,299,29
Z57037,405,370,35
Z57038,676,571,105
Z57039,1440,1294,146
Z57040,169,149,20
Z57041,60,60,0
Z57042,3832,3554,278
Z57043,637,591,46
Z57045,493,443,50
Z57046,295,248,47
Z57047,121,112,9
Z57048,425,401,24
Z57049,2791,2598,193
Z57050,90,72,18
Z57051,144,114,30
Z57052,110,100,10
Z57053,885,790,95
Z57054,260,229,31
Z57055,426,411,15
Z57057,79,73,6
Z57058,971,900,71
Z57059,743,609,134
Z57061,46,33,13
Z57062,670,506,164
Z57063,381,370,11
Z57064,1897,1855,42
Z57065,184,178,6
Z57066,696,632,64
Z57067,249,162,87
Z57068,586,583,3
Z57069,4819,4509,310
Z57070,775,659,116
Z57071,1233,1211,22
Z57072,268,244,24
Z57073,400,324,76
Z57075,821,450,371
Z57076,153,132,21
Z57077,531,531,0
Z57078,8189,7551,638
Z57103,14350,13656,694
Z57104,12236,11016,1220
Z57105,10097,9291,806
Z57106,18615,17596,1019
Z57107,3545,3415,130
Z57108,7938,7657,281
Z57110,5678,5445,233
Z57117,0,0,0
Z57197,0,0,0
Z57201,11442,10890,552
Z57212,1042,795,247
Z57213,272,215,57
Z57214,28,28,0
Z57216,786,460,326
Z57217,160,101,59
Z57218,178,157,21
Z57219,274,232,42
Z57220,365,273,92
Z57221,313,272,41
Z57223,671,524,147
Z57224,115,82,33
Z57225,942,824,118
Z57226,964,898,66
Z57227,406,189,217
Z57231,895,798,97
Z57232,283,144,139
Z57233,76,72,4
Z57234,687,529,158
Z57235,376,357,19
Z57236,24,20,4
Z57237,410,280,130
Z57238,244,235,9
Z57239,444,133,311
Z57241,368,325,43
Z57242,112,108,4
Z57243,352,309,43
Z57245,36,36,0
Z57246,71,63,8
Z57247,429,115,314
Z57248,644,411,233
Z57249,609,455,154
Z57251,73,61,12
Z57252,2215,2090,125
Z57255,215,177,38
Z57256,69,42,27
Z57257,259,236,23
Z57258,113,84,29
Z57259,273,212,61
Z57260,534,373,161
Z57261,177,130,47
Z57262,1997,1794,203
Z57263,258,226,32
Z57264,116,96,20
Z57265,110,95,15
Z57266,329,272,57
Z57268,226,207,19
Z57269,192,169,23
Z57270,423,316,107
Z57271,126,99,27
Z57272,107,71,36
Z57273,874,483,391
Z57274,1574,1279,295
Z57276,485,446,39
Z57278,342,317,25
Z57279,647,442,205
Z57301,8400,7993,407
Z57311,541,459,82
Z57312,224,212,12
Z57313,620,569,51
Z57314,426,361,65
Z57315,540,452,88
Z57317,335,256,79
Z57319,502,417,85
Z57321,177,172,5
Z57322,184,144,40
Z57323,247,111,136
Z57324,177,162,15
Z57325,1453,1301,152
Z57328,486,435,51
Z57329,106,98,8
Z57330,282,236,46
Z57331,211,178,33
Z57332,320,278,42
Z57334,352,344,8
Z57335,218,155,63
Z57337,58,58,0
Z57339,442,382,60
Z57340,117,106,11
Z57341,95,75,20
Z57342,325,219,106
Z57344,84,84,0
Z57345,606,489,117
Z57346,30,18,12
Z57348,223,214,9
Z57349,734,648,86
Z57350,7072,6399,673
Z57353,340,309,31
Z57355,562,444,118
Z57356,758,553,205
Z57358,32,24,8
Z57359,348,300,48
Z57361,64,51,13
Z57362,1210,1018,192
Z57363,471,426,45
Z57364,20,17,3
Z57365,327,276,51
Z57366,1055,961,94
Z57367,121,85,36
Z57368,512,462,50
Z57369,1155,975,180
Z57370,369,295,74
Z57371,89,61,28
Z57373,206,186,20
Z57374,127,103,24
Z57375,389,339,50
Z57376,564,458,106
Z57379,38,23,15
Z57380,1374,1214,160
Z57381,292,256,36
Z57382,771,622,149
Z57383,395,313,82
Z57384,432,391,41
Z57385,599,522,77
Z57386,97,81,16
Z57401,14333,13371,962
Z57420,183,42,141
Z57421,42,42,0
Z57422,178,141,37
Z57424,132,120,12
Z57426,29,29,0
Z57427,333,307,26
Z57428,358,294,64
Z57429,51,49,2
Z57430,1080,881,199
Z57432,183,159,24
Z57433,212,146,66
Z57434,245,231,14
Z57435,155,118,37
Z57436,257,186,71
Z57437,868,579,289
Z57438,684,581,103
Z57439,30,30,0
Z57440,209,164,45
Z57441,340,291,49
Z57442,1234,782,452
Z57445,965,862,103
Z57446,194,166,28
Z57448,203,154,49
Z57449,73,73,0
Z57450,316,287,29
Z57451,1013,853,160
Z57452,186,124,62
Z57454,257,224,33
Z57455,64,32,32
Z57456,474,408,66
Z57457,94,41,53
Z57460,180,155,25
Z57461,164,154,10
Z57465,178,138,40
Z57466,107,84,23
Z57467,183,135,48
Z57468,114,100,14
Z57469,1699,1417,282
Z57470,67,43,24
Z57471,343,285,58
Z57472,496,435,61
Z57473,89,68,21
Z57474,68,64,4
Z57475,74,56,18
Z57476,195,178,17
Z57477,84,47,37
Z57479,257,253,4
Z57481,128,120,8
Z57501,7471,6857,614
Z57520,97,84,13
Z57521,127,93,34
Z57522,216,176,40
Z57523,616,504,112
Z57528,441,336,105
Z57529,253,170,83
Z57531,105,96,9
Z57532,1385,1198,187
Z57533,1085,934,151
Z57534,144,123,21
Z57536,252,185,67
Z57537,55,55,0
Z57538,180,105,75
Z57540,48,36,12
Z57541,85,66,19
Z57543,468,386,82
Z57544,253,222,31
Z57547,64,64,0
Z57548,387,345,42
Z57551,891,763,128
Z57552,241,207,34
Z57553,101,83,18
Z57555,1366,1191,175
Z57559,380,313,67
Z57560,135,100,35
Z57562,49,7,42
Z57563,115,103,12
Z57564,510,423,87
Z57566,346,304,42
Z57567,722,596,126
Z57568,371,271,100
Z57569,205,153,52
Z57570,643,562,81
Z57571,14,9,5
Z57572,519,450,69
Z57574,74,54,20
Z57576,83,54,29
Z57577,357,318,39
Z57579,540,462,78
Z57580,2242,1957,285
Z57584,81,36,45
Z57585,116,98,18
Z57601,1953,1701,252
Z57620,283,211,72
Z57621,86,66,20
Z57622,116,78,38
Z57623,381,313,68
Z57625,1469,1268,201
Z57626,545,388,157
Z57630,22,19,3
Z57631,228,141,87
Z57632,339,286,53
Z57633,197,152,45
Z57634,62,37,25
Z57636,55,41,14
Z57638,1209,892,317
Z57639,100,91,9
Z57640,98,57,41
Z57641,184,131,53
Z57642,698,599,99
Z57644,159,112,47
Z57645,105,82,23
Z57646,136,115,21
Z57648,371,159,212
Z57649,119,92,27
Z57650,10,10,0
Z57651,62,52,10
Z57652,159,110,49
Z57656,301,244,57
Z57657,89,72,17
Z57658,118,97,21
Z57660,51,40,11
Z57661,30,25,5
Z57701,18876,17596,1280
Z57702,15745,14192,1553
Z57703,5724,5470,254
Z57706,1109,941,168
Z57714,205,191,14
Z57716,139,129,10
Z57717,3513,3124,389
Z57718,2729,2678,51
Z57719,2840,2590,250
Z57720,387,282,105
Z57722,195,168,27
Z57724,120,75,45
Z57725,144,93,51
Z57730,3336,2569,767
Z57732,1330,1017,313
Z57735,966,690,276
Z57738,52,31,21
Z57741,18,18,0
Z57744,859,795,64
Z57745,1624,966,658
Z57747,3237,2421,816
Z57748,149,119,30
Z57750,165,134,31
Z57751,474,286,188
Z57752,612,457,155
Z57754,2987,1713,1274
Z57755,57,40,17
Z57756,238,173,65
Z57758,57,41,16
Z57759,160,69,91
Z57760,729,563,166
Z57761,475,415,60
Z57762,322,302,20
Z57763,175,129,46
Z57764,489,363,126
Z57766,252,155,97
Z57767,82,63,19
Z57769,1544,1478,66
Z57770,1464,1230,234
Z57772,465,402,63
Z57773,180,152,28
Z57775,114,94,20
Z57776,0,0,0
Z57779,105,80,25
Z57780,68,48,20
Z57782,39,28,11
Z57783,7323,6450,873
Z57785,4559,4275,284
Z57787,163,163,0
Z57788,182,169,13
Z57790,625,444,181
Z57791,98,80,18
Z57792,51,34,17
Z57793,1028,943,85
Z57794,157,157,0
Z57799,6,6,0
Z58001,23,23,0
Z58002,18,18,0
Z58004,96,94,2
Z58005,263,257,6
Z58006,262,219,43
Z58007,47,47,0
Z58008,120,99,21
Z58009,11,5,6
Z58011,176,157,19
Z58012,1032,959,73
Z58013,75,57,18
Z58015,114,107,7
Z58016,78,54,24
Z58017,203,140,63
Z58018,157,130,27
Z58021,182,177,5
Z58027,769,663,106
Z58029,76,76,0
Z58030,284,248,36
Z58031,249,212,37
Z58032,382,333,49
Z58033,194,158,36
Z58035,157,114,43
Z58036,118,118,0
Z58038,158,137,21
Z58040,456,427,29
Z58041,789,675,114
Z58042,624,608,16
Z58043,92,68,24
Z58045,1119,972,147
Z58046,384,323,61
Z58047,1351,1328,23
Z58048,230,200,30
Z58049,210,180,30
Z58051,628,573,55
Z58052,249,242,7
Z58053,682,566,116
Z58054,1460,1319,141
Z58056,157,101,56
Z58057,44,44,0
Z58058,59,50,9
Z58059,403,386,17
Z58060,592,513,79
Z58061,165,142,23
Z58062,116,74,42
Z58063,136,123,13
Z58064,247,197,50
Z58065,33,25,8
Z58067,146,118,28
Z58068,189,169,20
Z58069,74,59,15
Z58071,212,200,12
Z58072,3900,3714,186
Z58075,4327,3827,500
Z58076,0,0,0
Z58077,351,259,92
Z58078,12571,12052,519
Z58079,227,207,20
Z58081,425,371,54
Z58102,14859,13668,1191
Z58103,24616,23357,1259
Z58104,14603,13552,1051
Z58105,0,0,0
Z58201,17316,16502,814
Z58202,0,0,0
Z58203,8223,7620,603
Z58204,853,674,179
Z58205,0,0,0
Z58210,236,194,42
Z58212,310,268,42
Z58214,211,150,61
Z58216,67,47,20
Z58218,314,289,25
Z58219,22,22,0
Z58220,1240,1044,196
Z58222,146,141,5
Z58223,124,124,0
Z58224,66,66,0
Z58225,519,441,78
Z58227,287,238,49
Z58228,439,357,82
Z58229,87,49,38
Z58230,358,306,52
Z58231,239,208,31
Z58233,114,106,8
Z58235,232,192,40
Z58237,2587,2385,202
Z58238,114,89,25
Z58239,39,22,17
Z58240,652,466,186
Z58241,78,61,17
Z58243,336,269,67
Z58244,103,79,24
Z58249,1428,1124,304
Z58250,161,137,24
Z58251,950,873,77
Z58254,358,266,92
Z58256,373,345,28
Z58257,999,814,185
Z58258,131,120,11
Z58259,242,190,52
Z58260,116,88,28
Z58261,483,434,49
Z58262,72,40,32
Z58265,289,230,59
Z58266,118,106,12
Z58267,712,565,147
Z58269,92,64,28
Z58270,933,847,86
Z58271,377,328,49
Z58272,162,122,40
Z58273,166,143,23
Z58274,453,404,49
Z58275,291,284,7
Z58276,307,233,74
Z58277,197,144,53
Z58278,720,656,64
Z58281,97,48,49
Z58282,741,694,47
Z58301,4843,4354,489
Z58311,56,20,36
Z58316,2350,2088,262
Z58317,184,120,64
Z58318,2765,1753,1012
Z58321,138,87,51
Z58323,13,8,5
Z58324,775,584,191
Z58325,56,40,16
Z58327,186,152,34
Z58329,1223,1060,163
Z58330,184,142,42
Z58331,96,57,39
Z58332,238,157,81
Z58335,443,402,41
Z58338,81,49,32
Z58339,33,19,14
Z58341,1498,1258,240
Z58343,54,40,14
Z58344,514,411,103
Z58345,119,71,48
Z58346,366,301,65
Z58348,405,317,88
Z58351,287,205,82
Z58352,247,204,43
Z58353,55,37,18
Z58355,70,32,38
Z58356,969,806,163
Z58357,173,125,48
Z58361,154,101,53
Z58362,29,24,5
Z58363,33,27,6
Z58365,191,142,49
Z58366,474,426,48
Z58367,719,640,79
Z58368,2004,1811,193
Z58369,630,503,127
Z58370,432,378,54
Z58372,77,51,26
Z58374,373,256,117
Z58377,155,129,26
Z58379,194,99,95
Z58380,257,212,45
Z58381,178,106,72
Z58382,94,78,16
Z58384,317,247,70
Z58385,115,87,28
Z58386,126,80,46
Z58401,8343,7736,607
Z58402,0,0,0
Z58405,0,0,0
Z58413,795,531,264
Z58415,64,63,1
Z58416,375,193,182
Z58418,221,150,71
Z58420,129,123,6
Z58421,1396,1246,150
Z58422,138,89,49
Z58423,56,39,17
Z58424,154,113,41
Z58425,687,589,98
Z58426,94,73,21
Z58428,375,128,247
Z58429,256,180,76
Z58430,47,42,5
Z58431,64,50,14
Z58433,584,471,113
Z58436,1061,804,257
Z58438,363,297,66
Z58439,81,61,20
Z58440,108,72,36
Z58441,158,139,19
Z58442,357,243,114
Z58443,103,92,11
Z58444,181,121,60
Z58445,157,45,112
Z58448,193,143,50
Z58451,123,85,38
Z58452,12,12,0
Z58454,270,218,52
Z58455,209,168,41
Z58456,343,216,127
Z58458,667,531,136
Z58460,181,101,80
Z58461,258,188,70
Z58463,396,292,104
Z58464,166,107,59
Z58466,201,167,34
Z58467,290,229,61
Z58472,195,163,32
Z58474,1244,1121,123
Z58475,128,78,50
Z58476,175,149,26
Z58477,123,99,24
Z58478,127,72,55
Z58479,207,74,133
Z58480,142,112,30
Z58481,101,101,0
Z58482,529,458,71
Z58483,217,119,98
Z58484,46,25,21
Z58486,119,87,32
Z58487,232,193,39
Z58488,201,111,90
Z58490,139,125,14
Z58492,192,177,15
Z58494,183,139,44
Z58495,769,595,174
Z58496,131,89,42
Z58497,146,130,16
Z58501,13791,13250,541
Z58503,12261,11835,426
Z58504,10994,10543,451
Z58505,0,0,0
Z58520,176,159,17
Z58521,297,279,18
Z58523,1823,1497,326
Z58524,48,34,14
Z58528,214,187,27
Z58529,387,282,105
Z58530,639,515,124
Z58531,275,180,95
Z58532,124,113,11
Z58533,777,456,321
Z58535,349,280,69
Z58538,754,650,104
Z58540,1389,1099,290
Z58541,234,216,18
Z58542,173,110,63
Z58544,340,275,65
Z58545,2049,1530,519
Z58549,91,69,22
Z58552,1148,848,300
Z58554,10985,10373,612
Z58558,383,366,17
Z58559,387,100,287
Z58560,138,99,39
Z58561,583,475,108
Z58562,291,209,82
Z58563,884,778,106
Z58564,68,53,15
Z58565,212,122,90
Z58566,74,52,22
Z58568,224,170,54
Z58569,54,42,12
Z58570,195,144,51
Z58571,308,269,39
Z58572,167,139,28
Z58573,352,299,53
Z58575,576,418,158
Z58576,452,383,69
Z58577,1015,855,160
Z58579,612,529,83
Z58580,216,181,35
Z58581,181,117,64
Z58601,10967,9884,1083
Z58620,76,58,18
Z58621,713,603,110
Z58622,847,709,138
Z58623,1289,1016,273
Z58625,153,135,18
Z58626,196,156,40
Z58627,94,81,13
Z58630,263,199,64
Z58631,541,449,92
Z58632,114,93,21
Z58634,127,81,46
Z58636,580,334,246
Z58638,555,442,113
Z58639,1043,818,225
Z58640,773,574,199
Z58641,55,44,11
Z58642,148,129,19
Z58643,147,91,56
Z58645,216,142,74
Z58646,677,509,168
Z58647,595,476,119
Z58649,238,185,53
Z58650,255,186,69
Z58651,276,227,49
Z58652,560,505,55
Z58653,326,264,62
Z58654,157,109,48
Z58655,213,194,19
Z58656,264,192,72
Z58701,15623,13575,2048
Z58702,0,0,0
Z58703,9360,8003,1357
Z58704,1729,1634,95
Z58705,0,0,0
Z58707,0,0,0
Z58710,334,270,64
Z58711,130,94,36
Z58712,97,74,23
Z58713,14,14,0
Z58716,58,53,5
Z58718,370,348,22
Z58721,355,273,82
Z58722,647,552,95
Z58723,163,104,59
Z58725,119,106,13
Z58727,248,128,120
Z58730,861,647,214
Z58731,156,126,30
Z58733,169,136,33
Z58734,163,135,28
Z58735,200,122,78
Z58736,332,261,71
Z58737,120,83,37
Z58740,371,344,27
Z58741,277,261,16
Z58744,72,52,20
Z58746,777,567,210
Z58748,115,62,53
Z58750,311,285,26
Z58752,91,79,12
Z58755,87,55,32
Z58756,143,87,56
Z58757,591,267,324
Z58758,146,130,16
Z58759,405,352,53
Z58760,133,117,16
Z58761,484,393,91
Z58762,130,100,30
Z58763,1922,1301,621
Z58765,235,157,78
Z58768,103,103,0
Z58769,154,88,66
Z58770,836,478,358
Z58771,334,266,68
Z58772,91,64,27
Z58773,441,357,84
Z58775,174,140,34
Z58776,159,70,89
Z58778,254,88,166
Z58779,296,264,32
Z58781,284,250,34
Z58782,204,160,44
Z58783,214,173,41
Z58784,1325,1093,232
Z58785,459,451,8
Z58787,146,92,54
Z58788,706,593,113
Z58789,210,141,69
Z58790,710,684,26
Z58792,145,145,0
Z58793,325,270,55
Z58794,150,61,89
Z58795,137,80,57
Z58801,12473,10461,2012
Z58830,124,115,9
Z58831,284,215,69
Z58833,55,40,15
Z58835,150,120,30
Z58838,111,74,37
Z58843,252,184,68
Z58844,130,88,42
Z58845,223,146,77
Z58847,165,133,32
Z58849,493,362,131
Z58852,928,714,214
Z58853,143,113,30
Z58854,2207,1892,315
Z58856,98,74,24
Z59001,847,671,176
Z59002,125,90,35
Z59003,511,399,112
Z59006,449,336,113
Z59007,96,68,28
Z59008,187,166,21
Z59010,63,53,10
Z59011,1549,1199,350
Z59012,137,78,59
Z59013,86,79,7
Z59014,777,663,114
Z59015,194,167,27
Z59016,321,243,78
Z59018,319,236,83
Z59019,1977,1632,345
Z59020,136,26,110
Z59022,518,440,78
Z59024,267,220,47
Z59025,65,10,55
Z59026,85,85,0
Z59027,647,334,313
Z59028,358,216,142
Z59029,338,296,42
Z59030,839,618,221
Z59031,100,63,37
Z59032,159,132,27
Z59033,179,113,66
Z59034,1999,1714,285
Z59035,226,59,167
Z59036,911,578,333
Z59037,759,719,40
Z59038,377,295,82
Z59039,24,13,11
Z59041,925,812,113
Z59043,981,787,194
Z59044,4602,4281,321
Z59046,224,173,51
Z59047,6485,5120,1365
Z59050,587,411,176
Z59052,314,82,232
Z59053,294,146,148
Z59054,230,144,86
Z59055,40,23,17
Z59057,298,272,26
Z59058,43,26,17
Z59059,147,76,71
Z59061,360,95,265
Z59062,41,24,17
Z59063,794,743,51
Z59064,72,59,13
Z59065,175,49,126
Z59066,246,174,72
Z59067,180,110,70
Z59068,2931,1667,1264
Z59069,292,236,56
Z59070,620,426,194
Z59071,244,65,179
Z59072,2376,1753,623
Z59074,241,156,85
Z59075,124,64,60
Z59076,47,44,3
Z59077,55,29,26
Z59078,130,56,74
Z59079,1459,1306,153
Z59081,85,5,80
Z59082,12,12,0
Z59085,96,82,14
Z59086,522,353,169
Z59087,271,159,112
Z59088,634,512,122
Z59089,150,107,43
Z59101,17474,16095,1379
Z59102,21946,20807,1139
Z59105,12214,11575,639
Z59106,5649,5314,335
Z59201,1942,1450,492
Z59211,98,69,29
Z59212,212,165,47
Z59213,262,177,85
Z59214,77,34,43
Z59215,588,474,114
Z59217,81,81,0
Z59218,453,340,113
Z59219,117,83,34
Z59221,781,660,121
Z59222,130,66,64
Z59223,261,155,106
Z59225,219,152,67
Z59226,280,175,105
Z59230,2321,2004,317
Z59231,1005,271,734
Z59240,11,11,0
Z59241,271,199,72
Z59242,42,34,8
Z59243,144,99,45
Z59244,20,13,7
Z59247,230,171,59
Z59248,422,295,127
Z59250,158,83,75
Z59252,111,56,55
Z59253,80,45,35
Z59254,1143,987,156
Z59255,1264,992,272
Z59256,53,40,13
Z59257,35,21,14
Z59258,64,46,18
Z59259,223,158,65
Z59260,114,63,51
Z59261,360,227,133
Z59262,300,263,37
Z59263,851,739,112
Z59270,3770,3437,333
Z59274,160,117,43
Z59275,241,147,94
Z59276,45,9,36
Z59301,5471,4723,748
Z59311,134,76,58
Z59312,24,7,17
Z59313,1228,1016,212
Z59314,62,38,24
Z59315,84,54,30
Z59317,674,520,154
Z59318,96,46,50
Z59322,25,14,11
Z59323,936,834,102
Z59324,549,351,198
Z59326,138,106,32
Z59327,1496,1225,271
Z59330,3894,3672,222
Z59332,93,68,25
Z59333,15,8,7
Z59336,110,72,38
Z59337,587,310,277
Z59338,52,52,0
Z59339,86,64,22
Z59343,78,60,18
Z59344,204,167,37
Z59347,210,145,65
Z59349,551,457,94
Z59351,92,66,26
Z59353,558,448,110
Z59354,14,14,0
Z59401,7132,6418,714
Z59404,11019,10390,629
Z59405,14242,13125,1117
Z59410,532,297,235
Z59411,507,158,349
Z59412,840,655,185
Z59414,554,554,0
Z59416,246,233,13
Z59417,2754,2362,392
Z59418,73,60,13
Z59419,59,46,13
Z59420,117,97,20
Z59421,1437,783,654
Z59422,1322,1014,308
Z59424,45,32,13
Z59425,1572,1398,174
Z59427,1725,1475,250
Z59430,228,177,51
Z59432,84,51,33
Z59433,319,247,72
Z59434,342,227,115
Z59436,818,715,103
Z59440,83,76,7
Z59441,91,43,48
Z59442,931,754,177
Z59443,288,225,63
Z59444,143,103,40
Z59446,297,233,64
Z59447,150,110,40
Z59448,228,188,40
Z59450,277,213,64
Z59451,142,104,38
Z59452,363,238,125
Z59453,214,147,67
Z59454,132,108,24
Z59456,172,144,28
Z59457,4558,3932,626
Z59460,142,86,56
Z59461,9,9,0
Z59462,87,63,24
Z59463,269,56,213
Z59464,219,161,58
Z59465,172,24,148
Z59466,50,35,15
Z59467,33,26,7
Z59468,278,235,43
Z59469,127,73,54
Z59471,169,147,22
Z59472,362,331,31
Z59474,1570,1402,168
Z59477,190,166,24
Z59479,511,369,142
Z59480,203,170,33
Z59482,314,234,80
Z59483,198,163,35
Z59484,70,51,19
Z59485,234,208,26
Z59486,527,430,97
Z59487,602,557,45
Z59489,178,130,48
Z59501,5762,4973,789
Z59520,627,491,136
Z59521,1227,1023,204
Z59522,801,613,188
Z59523,1198,951,247
Z59524,311,245,66
Z59525,99,90,9
Z59526,910,709,201
Z59527,365,317,48
Z59528,134,85,49
Z59529,72,61,11
Z59530,83,53,30
Z59531,206,160,46
Z59532,92,71,21
Z59535,53,29,24
Z59537,41,4,37
Z59538,1508,1316,192
Z59540,210,139,71
Z59542,93,62,31
Z59544,112,88,24
Z59545,34,15,19
Z59546,118,39,79
Z59547,17,13,4
Z59601,14409,13268,1141
Z59602,10638,9603,1035
Z59631,139,105,34
Z59632,901,747,154
Z59633,194,103,91
Z59634,1887,1796,91
Z59635,2832,2778,54
Z59636,17,0,17
Z59638,292,245,47
Z59639,1113,522,591
Z59640,81,57,24
Z59642,32,18,14
Z59643,252,252,0
Z59644,2050,1810,240
Z59645,1042,641,401
Z59647,84,84,0
Z59648,725,231,494
Z59701,16241,14640,1601
Z59703,11,11,0
Z59710,235,131,104
Z59711,5642,3925,1717
Z59713,122,95,27
Z59714,7899,7322,577
Z59715,14757,13319,1438
Z59716,3187,859,2328
Z59718,13368,12284,1084
Z59720,479,137,342
Z59721,228,187,41
Z59722,2135,1849,286
Z59724,107,49,58
Z59725,3917,3447,470
Z59727,168,130,38
Z59728,278,181,97
Z59729,1556,949,607
Z59730,1505,856,649
Z59731,88,60,28
Z59732,75,51,24
Z59733,131,82,49
Z59735,202,128,74
Z59736,116,61,55
Z59739,345,148,197
Z59740,230,111,119
Z59741,1886,1673,213
Z59743,128,71,57
Z59745,90,56,34
Z59746,180,43,137
Z59747,167,98,69
Z59748,113,103,10
Z59749,980,673,307
Z59750,159,159,0
Z59751,148,97,51
Z59752,1589,1403,186
Z59754,463,386,77
Z59755,175,105,70
Z59756,20,0,20
Z59758,1720,888,832
Z59759,1857,1600,257
Z59760,143,108,35
Z59761,287,142,145
Z59762,242,115,127
Z59801,14553,13634,919
Z59802,9479,8982,497
Z59803,6607,6435,172
Z59804,3373,3125,248
Z59808,8271,7819,452
Z59820,744,532,212
Z59821,1017,890,127
Z59823,758,647,111
Z59824,734,608,126
Z59825,1151,949,202
Z59826,728,281,447
Z59827,147,114,33
Z59828,2437,2079,358
Z59829,1613,984,629
Z59830,110,11,99
Z59831,217,190,27
Z59832,532,394,138
Z59833,2154,1963,191
Z59834,772,684,88
Z59837,192,163,29
Z59840,6918,6009,909
Z59841,201,183,18
Z59842,60,23,37
Z59843,178,88,90
Z59844,359,278,81
Z59845,773,572,201
Z59846,532,485,47
Z59847,2198,2099,99
Z59848,70,54,16
Z59851,71,71,0
Z59853,501,361,140
Z59854,256,112,144
Z59855,437,422,15
Z59856,247,134,113
Z59858,1182,620,562
Z59859,1794,1339,455
Z59860,6431,4489,1942
Z59863,52,52,0
Z59864,2753,2490,263
Z59865,1384,1284,100
Z59866,547,342,205
Z59867,56,12,44
Z59868,1921,742,1179
Z59870,4456,4125,331
Z59871,371,92,279
Z59872,1239,876,363
Z59873,2036,1586,450
Z59874,708,541,167
Z59875,1697,1486,211
Z59901,22168,19690,2478
Z59910,411,209,202
Z59911,5877,3371,2506
Z59912,6023,5473,550
Z59913,336,269,67
Z59914,232,101,131
Z59915,362,198,164
Z59916,345,50,295
Z59917,2269,1744,525
Z59918,407,320,87
Z59919,580,336,244
Z59920,943,709,234
Z59922,1679,1204,475
Z59923,5198,4293,905
Z59925,948,519,429
Z59926,191,136,55
Z59927,177,129,48
Z59928,608,93,515
Z59929,241,97,144
Z59930,885,353,532
Z59931,470,157,313
Z59932,778,554,224
Z59933,40,27,13
Z59934,344,231,113
Z59935,2355,1677,678
Z59936,648,188,460
Z59937,8274,5572,2702
Z60002,10778,9161,1617
Z60004,20409,19494,915
Z60005,13289,12535,754
Z60007,14036,13553,483
Z60008,9105,8444,661
Z60010,17294,16035,1259
Z60012,4137,3881,256
Z60013,9581,9081,500
Z60014,18101,17140,961
Z60015,9884,9485,399
Z60016,24925,23394,1531
Z60018,10464,9947,517
Z60020,5452,4210,1242
Z60021,2011,1924,87
Z60022,3077,2878,199
Z60025,15539,14551,988
Z60026,5466,5322,144
Z60029,145,137,8
Z60030,14274,13949,325
Z60031,14337,13787,550
Z60033,4811,4297,514
Z60034,836,708,128
Z60035,12194,11382,812
Z60040,2058,1994,64
Z60041,3911,3704,207
Z60042,3282,3238,44
Z60043,872,822,50
Z60044,3996,3748,248
Z60045,7813,7120,693
Z60046,12815,12081,734
Z60047,14446,13866,580
Z60048,10879,10453,426
Z60050,12825,12048,777
Z60051,9720,8967,753
Z60053,8857,8216,641
Z60056,22037,20644,1393
Z60060,13602,12890,712
Z60061,10350,9735,615
Z60062,16381,15226,1155
Z60064,5839,4837,1002
Z60067,16123,15156,967
Z60068,14875,14085,790
Z60069,3823,3513,310
Z60070,6329,5983,346
Z60071,1703,1583,120
Z60072,319,287,32
Z60073,19342,18151,1191
Z60074,15021,14111,910
Z60076,11788,10924,864
Z60077,11124,10264,860
Z60081,3622,3354,268
Z60083,3845,3675,170
Z60084,6246,5941,305
Z60085,24989,22498,2491
Z60087,10063,9317,746
Z60088,1444,1088,356
Z60089,16710,16096,614
Z60090,15201,14132,1069
Z60091,9879,9504,375
Z60093,7299,6665,634
Z60096,2623,2485,138
Z60097,4426,4014,412
Z60098,13256,12067,1189
Z60099,11894,10541,1353
Z60101,13805,13061,744
Z60102,11923,11317,606
Z60103,14891,14041,850
Z60104,6681,6063,618
Z60106,7388,6870,518
Z60107,14165,13343,822
Z60108,9571,9214,357
Z60109,214,204,10
Z60110,12117,11172,945
Z60111,137,130,7
Z60112,1604,1438,166
Z60113,161,145,16
Z60115,18170,15861,2309
Z60118,6508,6161,347
Z60119,3622,3482,140
Z60120,16187,15114,1073
Z60123,17352,15917,1435
Z60124,7116,7003,113
Z60126,17514,16505,1009
Z60129,74,55,19
Z60130,7822,7207,615
Z60131,6810,6323,487
Z60133,11830,11272,558
Z60134,10639,10293,346
Z60135,2709,2604,105
Z60136,2213,2213,0
Z60137,14776,14147,629
Z60139,12267,11513,754
Z60140,5302,5088,214
Z60141,53,0,53
Z60142,11829,11044,785
Z60143,4054,3952,102
Z60144,32,32,0
Z60145,928,873,55
Z60146,1020,923,97
Z60148,21984,20613,1371
Z60150,684,621,63
Z60151,1648,1579,69
Z60152,4795,4577,218
Z60153,8851,7410,1441
Z60154,7172,6635,537
Z60155,3405,3188,217
Z60156,10326,9924,402
Z60157,906,744,162
Z60160,8427,7738,689
Z60162,3252,2957,295
Z60163,1842,1773,69
Z60164,7147,6422,725
Z60165,1421,1305,116
Z60169,12628,11981,647
Z60171,4364,4097,267
Z60172,9504,8994,510
Z60173,6506,5832,674
Z60174,13272,12797,475
Z60175,8376,8140,236
Z60176,4753,4299,454
Z60177,7556,7423,133
Z60178,9030,8532,498
Z60180,596,571,25
Z60181,11091,10359,732
Z60184,861,826,35
Z60185,11044,10485,559
Z60187,9938,9350,588
Z60188,16077,15473,604
Z60189,12455,12113,342
Z60190,4206,4014,192
Z60191,5588,5289,299
Z60192,5655,5600,55
Z60193,15919,15284,635
Z60194,7880,7290,590
Z60195,2496,2304,192
Z60201,17454,15722,1732
Z60202,14701,13541,1160
Z60203,1677,1594,83
Z60301,1803,1362,441
Z60302,14971,13804,1167
Z60304,6944,6446,498
Z60305,4192,3944,248
Z60401,3352,3076,276
Z60402,23154,20988,2166
Z60403,7549,7056,493
Z60404,6140,5880,260
Z60406,10709,9131,1578
Z60407,737,644,93
Z60408,2362,2139,223
Z60409,16201,14053,2148
Z60410,4268,4055,213
Z60411,23933,20142,3791
Z60415,5582,5288,294
Z60416,3471,3308,163
Z60417,6658,6108,550
Z60419,8864,7751,1113
Z60420,2344,2110,234
Z60421,1649,1513,136
Z60422,3651,3456,195
Z60423,10588,10072,516
Z60424,1033,915,118
Z60425,3775,3248,527
Z60426,14132,10907,3225
Z60428,4917,4482,435
Z60429,6458,5544,914
Z60430,8083,7582,501
Z60431,7722,7257,465
Z60432,7083,6352,731
Z60433,6288,5488,800
Z60435,19869,18082,1787
Z60436,6360,5869,491
Z60437,74,69,5
Z60438,12346,11123,1223
Z60439,8448,8000,448
Z60440,17722,16285,1437
Z60441,12941,12001,940
Z60442,3531,3402,129
Z60443,8190,7517,673
Z60444,728,670,58
Z60445,11158,10186,972
Z60446,12953,11853,1100
Z60447,4749,4478,271
Z60448,8763,8412,351
Z60449,3645,3369,276
Z60450,8952,8105,847
Z60451,11642,11334,308
Z60452,10739,10269,470
Z60453,22958,21534,1424
Z60455,5798,5483,315
Z60456,2107,1925,182
Z60457,5350,4857,493
Z60458,5679,4890,789
Z60459,9335,8961,374
Z60460,621,579,42
Z60461,2198,1952,246
Z60462,15866,15349,517
Z60463,5835,5461,374
Z60464,4079,3851,228
Z60465,7129,6896,233
Z60466,9405,8400,1005
Z60467,9709,9531,178
Z60468,2140,2047,93
Z60469,1970,1807,163
Z60470,242,223,19
Z60471,5903,5314,589
Z60472,2221,1800,421
Z60473,8027,7446,581
Z60474,398,354,44
Z60475,4413,3929,484
Z60476,1140,1067,73
Z60477,16008,15100,908
Z60478,6579,5796,783
Z60479,283,241,42
Z60480,2221,2125,96
Z60481,5693,4670,1023
Z60482,4710,4241,469
Z60484,2844,2483,361
Z60487,8700,8562,138
Z60490,5747,5545,202
Z60491,8114,7883,231
Z60501,3990,3495,495
Z60502,8294,8111,183
Z60503,5108,4968,140
Z60504,14309,13108,1201
Z60505,22539,20551,1988
Z60506,18965,17390,1575
Z60510,11349,10569,780
Z60511,640,617,23
Z60512,789,789,0
Z60513,7460,7001,459
Z60514,3964,3829,135
Z60515,12115,11507,608
Z60516,11534,10867,667
Z60517,13529,12597,932
Z60518,1697,1498,199
Z60519,25,6,19
Z60520,1123,1022,101
Z60521,6195,5757,438
Z60523,4825,4402,423
Z60525,12396,11726,670
Z60526,5578,5319,259
Z60527,12290,11444,846
Z60530,220,198,22
Z60531,875,729,146
Z60532,12248,11590,658
Z60534,4154,3974,180
Z60536,43,43,0
Z60537,246,237,9
Z60538,9592,9003,589
Z60539,0,0,0
Z60540,16249,15563,686
Z60541,1275,1203,72
Z60542,6283,6072,211
Z60543,12797,12331,466
Z60544,9432,8853,579
Z60545,4600,4478,122
Z60546,6232,5915,317
Z60548,4785,4378,407
Z60549,258,258,0
Z60550,669,591,78
Z60551,1562,1485,77
Z60552,1869,1768,101
Z60553,321,294,27
Z60554,4291,4166,125
Z60555,5406,5040,366
Z60556,642,586,56
Z60557,15,15,0
Z60558,4562,4390,172
Z60559,10921,10243,678
Z60560,8208,7509,699
Z60561,9698,9318,380
Z60563,15860,14616,1244
Z60564,13400,12842,558
Z60565,14174,13677,497
Z60585,7140,6932,208
Z60586,13876,13430,446
Z60601,9323,7662,1661
Z60602,824,706,118
Z60603,822,491,331
Z60604,490,338,152
Z60605,14738,13467,1271
Z60606,2283,1973,310
Z60607,13477,12014,1463
Z60608,29046,25531,3515
Z60609,24345,19284,5061
Z60610,25969,22937,3032
Z60611,25212,20102,5110
Z60612,15559,13508,2051
Z60613,29038,26168,2870
Z60614,36625,33705,2920
Z60615,23459,19995,3464
Z60616,25337,22344,2993
Z60617,33716,27700,6016
Z60618,39537,35430,4107
Z60619,32241,25696,6545
Z60620,30186,25453,4733
Z60621,16686,11014,5672
Z60622,25548,23632,1916
Z60623,31065,24929,6136
Z60624,15823,11863,3960
Z60625,32070,29132,2938
Z60626,25473,22040,3433
Z60628,28642,23268,5374
Z60629,34814,30840,3974
Z60630,22164,20533,1631
Z60631,12665,11493,1172
Z60632,27280,24130,3150
Z60633,5256,4740,516
Z60634,27892,25463,2429
Z60636,14898,11303,3595
Z60637,24538,18812,5726
Z60638,21071,19852,1219
Z60639,28352,25405,2947
Z60640,37717,34410,3307
Z60641,27113,24686,2427
Z60642,10127,9224,903
Z60643,19687,17845,1842
Z60644,19235,16094,3141
Z60645,17766,15836,1930
Z60646,11585,10679,906
Z60647,37909,33864,4045
Z60649,26168,20499,5669
Z60651,22391,19117,3274
Z60652,13883,13109,774
Z60653,16178,13621,2557
Z60654,12618,11060,1558
Z60655,10658,9964,694
Z60656,12655,11936,719
Z60657,40076,36754,3322
Z60659,14180,12221,1959
Z60660,23208,20374,2834
Z60661,6029,5458,571
Z60706,9646,8855,791
Z60707,16741,15475,1266
Z60712,4539,4243,296
Z60714,12315,11232,1083
Z60803,8802,8308,494
Z60804,24752,21721,3031
Z60805,7503,7253,250
Z60827,12974,10293,2681
Z60901,14852,12933,1919
Z60910,198,166,32
Z60911,592,545,47
Z60912,274,215,59
Z60913,563,531,32
Z60914,10593,10111,482
Z60915,4420,4120,300
Z60917,222,188,34
Z60918,402,352,50
Z60919,213,205,8
Z60920,75,61,14
Z60921,666,550,116
Z60922,1027,884,143
Z60924,838,712,126
Z60926,13,13,0
Z60927,958,869,89
Z60928,322,315,7
Z60929,385,358,27
Z60930,360,324,36
Z60931,236,213,23
Z60932,79,33,46
Z60933,116,104,12
Z60934,133,107,26
Z60935,424,373,51
Z60936,1883,1748,135
Z60938,880,780,100
Z60940,1327,1229,98
Z60941,885,802,83
Z60942,2872,2552,320
Z60945,102,86,16
Z60946,228,178,50
Z60948,823,575,248
Z60949,278,209,69
Z60950,4872,4649,223
Z60951,390,315,75
Z60952,330,272,58
Z60953,1071,985,86
Z60954,2722,2294,428
Z60955,794,731,63
Z60957,2504,2236,268
Z60958,1040,845,195
Z60959,498,436,62
Z60960,490,379,111
Z60961,469,331,138
Z60962,268,212,56
Z60963,850,767,83
Z60964,2128,1932,196
Z60966,645,602,43
Z60968,178,156,22
Z60969,23,23,0
Z60970,3562,3135,427
Z60973,220,206,14
Z60974,148,143,5
Z61001,1189,499,690
Z61006,887,754,133
Z61007,284,277,7
Z61008,13218,11881,1337
Z61010,3219,3024,195
Z61011,951,885,66
Z61012,949,875,74
Z61013,233,219,14
Z61014,595,473,122
Z61015,330,323,7
Z61016,1965,1956,9
Z61018,410,385,25
Z61019,1977,1461,516
Z61020,1092,999,93
Z61021,9864,8808,1056
Z61024,1046,947,99
Z61025,2139,1847,292
Z61027,7,7,0
Z61028,1202,960,242
Z61030,1000,948,52
Z61031,664,583,81
Z61032,14700,12886,1814
Z61036,5099,2871,2228
Z61037,78,78,0
Z61038,547,407,140
Z61039,385,348,37
Z61041,730,520,210
Z61042,242,223,19
Z61043,38,34,4
Z61044,81,81,0
Z61046,2080,1196,884
Z61047,768,741,27
Z61048,1939,1733,206
Z61049,227,216,11
Z61050,201,201,0
Z61051,781,702,79
Z61052,405,400,5
Z61053,1479,1244,235
Z61054,1888,1640,248
Z61057,72,72,0
Z61059,70,65,5
Z61060,701,630,71
Z61061,3341,3057,284
Z61062,833,760,73
Z61063,1836,1613,223
Z61064,1613,1475,138
Z61065,3675,3480,195
Z61067,316,284,32
Z61068,6096,5611,485
Z61070,516,440,76
Z61071,6690,6073,617
Z61072,4510,4379,131
Z61073,7393,7043,350
Z61074,2274,1910,364
Z61075,507,437,70
Z61077,31,31,0
Z61078,620,574,46
Z61079,57,48,9
Z61080,4382,4033,349
Z61081,9450,8599,851
Z61084,1184,1100,84
Z61085,1628,1486,142
Z61087,944,818,126
Z61088,2393,2245,148
Z61089,362,324,38
Z61091,40,40,0
Z61101,9156,7849,1307
Z61102,7456,6473,983
Z61103,11197,9963,1234
Z61104,8930,7144,1786
Z61107,14279,13200,1079
Z61108,12548,11482,1066
Z61109,11928,10785,1143
Z61111,10370,9704,666
Z61112,108,108,0
Z61114,6649,6187,462
Z61115,9163,8633,530
Z61201,17296,15504,1792
Z61230,603,563,40
Z61231,2368,2253,115
Z61232,601,579,22
Z61234,636,599,37
Z61235,650,626,24
Z61236,66,42,24
Z61238,1359,1276,83
Z61239,533,486,47
Z61240,2512,2371,141
Z61241,2855,2571,284
Z61242,502,471,31
Z61243,104,104,0
Z61244,10412,9480,932
Z61250,1071,1003,68
Z61251,142,142,0
Z61252,2518,2345,173
Z61254,4566,4271,295
Z61256,847,797,50
Z61257,520,490,30
Z61258,119,106,13
Z61259,493,470,23
Z61260,428,397,31
Z61261,473,415,58
Z61262,523,499,24
Z61263,293,264,29
Z61264,4935,4718,217
Z61265,20551,18978,1573
Z61270,2998,2842,156
Z61272,765,592,173
Z61273,1479,1395,84
Z61274,112,112,0
Z61275,1855,1736,119
Z61276,23,23,0
Z61277,1440,1251,189
Z61278,144,130,14
Z61279,416,372,44
Z61281,1041,917,124
Z61282,3593,3265,328
Z61283,563,533,30
Z61284,1052,1003,49
Z61285,874,736,138
Z61301,5038,4480,558
Z61310,1700,1553,147
Z61311,131,68,63
Z61312,198,171,27
Z61313,118,81,37
Z61314,368,325,43
Z61315,157,88,69
Z61316,143,121,22
Z61317,220,199,21
Z61318,376,307,69
Z61319,486,437,49
Z61320,351,310,41
Z61321,110,104,6
Z61322,615,511,104
Z61323,38,29,9
Z61324,36,36,0
Z61325,423,357,66
Z61326,1058,971,87
Z61327,654,569,85
Z61328,8,8,0
Z61329,581,535,46
Z61330,581,542,39
Z61331,36,12,24
Z61332,56,48,8
Z61333,153,136,17
Z61334,301,258,43
Z61335,265,222,43
Z61336,198,183,15
Z61337,178,168,10
Z61338,159,143,16
Z61340,132,121,11
Z61341,3285,2940,345
Z61342,3722,3303,419
Z61344,152,140,12
Z61345,363,326,37
Z61346,41,35,6
Z61348,2176,1868,308
Z61349,388,333,55
Z61350,11136,9745,1391
Z61353,591,529,62
Z61354,5109,4528,581
Z61356,5448,4886,562
Z61358,229,196,33
Z61359,140,119,21
Z61360,1465,1258,207
Z61361,574,470,104
Z61362,2665,2460,205
Z61363,118,111,7
Z61364,9009,7921,1088
Z61367,384,349,35
Z61368,597,526,71
Z61369,756,657,99
Z61370,614,572,42
Z61372,63,61,2
Z61373,880,803,77
Z61374,48,48,0
Z61375,865,499,366
Z61376,1077,1016,61
Z61377,701,637,64
Z61378,236,225,11
Z61379,583,527,56
Z61401,15715,14188,1527
Z61410,1654,1467,187
Z61411,134,134,0
Z61412,629,595,34
Z61413,484,424,60
Z61414,364,330,34
Z61415,810,646,164
Z61416,126,103,23
Z61417,129,129,0
Z61418,318,272,46
Z61419,73,69,4
Z61420,631,536,95
Z61421,604,534,70
Z61422,1548,1375,173
Z61423,296,255,41
Z61424,66,49,17
Z61425,268,117,151
Z61426,27,27,0
Z61427,1047,905,142
Z61428,832,409,423
Z61430,388,339,49
Z61431,177,177,0
Z61432,248,237,11
Z61433,8,0,8
Z61434,1610,1392,218
Z61435,66,57,9
Z61436,424,385,39
Z61437,536,419,117
Z61438,377,341,36
Z61439,122,118,4
Z61440,330,292,38
Z61441,486,442,44
Z61442,382,321,61
Z61443,6576,5807,769
Z61447,403,366,37
Z61448,1600,1515,85
Z61449,223,217,6
Z61450,847,792,55
Z61451,214,214,0
Z61452,183,150,33
Z61453,320,296,24
Z61454,311,261,50
Z61455,9470,7853,1617
Z61458,392,380,12
Z61459,210,187,23
Z61460,122,118,4
Z61462,4940,4367,573
Z61465,575,518,57
Z61466,156,135,21
Z61467,429,407,22
Z61468,68,54,14
Z61469,1256,1006,250
Z61470,187,177,10
Z61471,56,42,14
Z61472,275,237,38
Z61473,734,655,79
Z61474,98,93,5
Z61475,122,110,12
Z61476,217,208,9
Z61477,291,250,41
Z61478,150,108,42
Z61479,79,67,12
Z61480,589,513,76
Z61482,298,240,58
Z61483,872,754,118
Z61484,393,318,75
Z61485,272,196,76
Z61486,671,587,84
Z61488,482,419,63
Z61489,428,373,55
Z61490,557,524,33
Z61491,1066,973,93
Z61501,830,716,114
Z61516,285,277,8
Z61517,1401,1263,138
Z61519,115,102,13
Z61520,7464,6772,692
Z61523,4848,4542,306
Z61524,100,98,2
Z61525,3300,3138,162
Z61526,353,344,9
Z61528,1157,1095,62
Z61529,1221,1134,87
Z61530,2657,2514,143
Z61531,1405,1261,144
Z61532,214,201,13
Z61533,1037,980,57
Z61534,740,701,39
Z61535,570,528,42
Z61536,1232,1195,37
Z61537,1269,1119,150
Z61539,108,102,6
Z61540,1323,1187,136
Z61541,70,56,14
Z61542,1879,1676,203
Z61543,72,63,9
Z61544,274,234,40
Z61545,353,321,32
Z61546,1892,1688,204
Z61547,1605,1533,72
Z61548,4619,4295,324
Z61550,7452,7189,263
Z61552,103,80,23
Z61553,99,81,18
Z61554,19015,17654,1361
Z61559,1241,1156,85
Z61560,632,248,384
Z61561,1157,1062,95
Z61562,19,19,0
Z61563,272,230,42
Z61564,416,407,9
Z61565,653,590,63
Z61567,358,274,84
Z61568,1653,1607,46
Z61569,455,455,0
Z61570,675,616,59
Z61571,9717,9330,387
Z61572,493,470,23
Z61602,678,599,79
Z61603,7655,6492,1163
Z61604,14592,13398,1194
Z61605,7042,5785,1257
Z61606,2990,2345,645
Z61607,4935,4695,240
Z61610,2506,2277,229
Z61611,11444,10592,852
Z61614,13695,12893,802
Z61615,10495,9995,500
Z61616,3225,2806,419
Z61625,6,6,0
Z61701,16798,15071,1727
Z61704,14823,14099,724
Z61705,4854,4592,262
Z61720,75,63,12
Z61721,281,260,21
Z61722,201,188,13
Z61723,863,789,74
Z61724,189,175,14
Z61725,572,545,27
Z61726,1115,1012,103
Z61727,4419,4093,326
Z61728,597,529,68
Z61729,391,391,0
Z61730,150,148,2
Z61731,77,77,0
Z61732,764,752,12
Z61733,388,358,30
Z61734,1157,1110,47
Z61735,247,219,28
Z61736,718,652,66
Z61737,249,235,14
Z61738,1694,1610,84
Z61739,2022,1964,58
Z61740,732,686,46
Z61741,670,641,29
Z61742,455,430,25
Z61743,102,93,9
Z61744,801,728,73
Z61745,1590,1568,22
Z61747,640,545,95
Z61748,1214,1133,81
Z61749,269,240,29
Z61750,36,36,0
Z61751,76,55,21
Z61752,1897,1720,177
Z61753,1295,1247,48
Z61754,534,485,49
Z61755,2070,1884,186
Z61756,986,882,104
Z61759,703,655,48
Z61760,1021,976,45
Z61761,21030,19154,1876
Z61764,5720,5288,432
Z61769,248,214,34
Z61770,459,398,61
Z61771,366,332,34
Z61772,199,123,76
Z61773,255,225,30
Z61774,398,355,43
Z61775,149,149,0
Z61776,615,594,21
Z61777,408,360,48
Z61778,423,360,63
Z61801,12376,10902,1474
Z61802,9737,8397,1340
Z61810,166,115,51
Z61811,290,241,49
Z61812,176,136,40
Z61813,843,775,68
Z61814,467,454,13
Z61815,95,94,1
Z61816,221,210,11
Z61817,1125,1028,97
Z61818,697,631,66
Z61820,15438,13436,2002
Z61821,14451,13156,1295
Z61822,10303,9652,651
Z61830,130,124,6
Z61831,63,58,5
Z61832,17484,14861,2623
Z61833,996,948,48
Z61834,2708,2519,189
Z61839,295,262,33
Z61840,353,336,17
Z61841,642,557,85
Z61842,1390,1252,138
Z61843,910,887,23
Z61844,398,334,64
Z61845,127,106,21
Z61846,2266,1982,284
Z61847,518,448,70
Z61848,96,75,21
Z61849,772,705,67
Z61850,237,201,36
Z61851,168,150,18
Z61852,120,99,21
Z61853,5178,5021,157
Z61854,648,577,71
Z61855,93,83,10
Z61856,3263,3003,260
Z61857,92,86,6
Z61858,1350,1259,91
Z61859,486,468,18
Z61862,220,204,16
Z61863,332,317,15
Z61864,705,684,21
Z61865,536,505,31
Z61866,6601,5426,1175
Z61870,604,528,76
Z61871,110,101,9
Z61872,396,366,30
Z61873,2400,2295,105
Z61874,3303,3140,163
Z61875,352,304,48
Z61876,346,299,47
Z61877,733,692,41
Z61878,756,716,40
Z61880,1645,1479,166
Z61882,344,294,50
Z61883,1879,1731,148
Z61884,562,458,104
Z61910,1661,1552,109
Z61911,1594,1575,19
Z61912,611,548,63
Z61913,727,653,74
Z61914,813,762,51
Z61917,286,262,24
Z61919,385,362,23
Z61920,10336,9315,1021
Z61924,1147,1014,133
Z61925,232,216,16
Z61928,358,330,28
Z61929,315,286,29
Z61930,220,189,31
Z61931,493,461,32
Z61932,240,216,24
Z61933,522,424,98
Z61936,91,70,21
Z61937,907,778,129
Z61938,10523,9399,1124
Z61940,123,105,18
Z61941,43,31,12
Z61942,556,492,64
Z61943,775,663,112
Z61944,6080,5363,717
Z61949,65,61,4
Z61951,3578,3280,298
Z61953,2779,2501,278
Z61955,88,69,19
Z61956,1308,1159,149
Z61957,969,879,90
Z62001,696,634,62
Z62002,15956,13894,2062
Z62006,289,231,58
Z62009,828,748,80
Z62010,4694,4395,299
Z62011,122,84,38
Z62012,2639,2467,172
Z62013,346,229,117
Z62014,1860,1705,155
Z62015,206,162,44
Z62016,1767,1635,132
Z62017,442,287,155
Z62018,1467,1412,55
Z62019,248,166,82
Z62021,442,364,78
Z62022,450,428,22
Z62023,55,48,7
Z62024,4703,4341,362
Z62025,13058,12101,957
Z62027,295,222,73
Z62028,371,266,105
Z62030,55,45,10
Z62031,548,388,160
Z62032,317,258,59
Z62033,2236,1938,298
Z62034,5804,5341,463
Z62035,7006,6526,480
Z62036,405,304,101
Z62037,998,792,206
Z62040,19799,17605,2194
Z62044,1027,877,150
Z62045,304,185,119
Z62046,289,276,13
Z62047,876,746,130
Z62048,782,725,57
Z62049,2577,2217,360
Z62050,194,167,27
Z62051,410,369,41
Z62052,5675,5168,507
Z62053,338,215,123
Z62054,385,320,65
Z62056,4842,4367,475
Z62058,385,353,32
Z62059,436,364,72
Z62060,2585,1988,597
Z62061,769,736,33
Z62062,3373,3223,150
Z62063,477,425,52
Z62065,88,32,56
Z62067,1150,1094,56
Z62069,1489,1269,220
Z62070,18,18,0
Z62074,557,456,101
Z62075,1616,1359,257
Z62076,55,39,16
Z62077,144,110,34
Z62078,49,41,8
Z62079,153,96,57
Z62080,1222,1025,197
Z62081,145,127,18
Z62082,1424,1121,303
Z62083,158,118,40
Z62084,739,648,91
Z62085,87,80,7
Z62086,631,553,78
Z62087,985,866,119
Z62088,3388,3007,381
Z62089,180,156,24
Z62090,567,466,101
Z62091,174,143,31
Z62092,1270,1126,144
Z62093,191,158,33
Z62094,463,383,80
Z62095,5270,4770,500
Z62097,1136,1103,33
Z62098,48,26,22
Z62201,2975,2560,415
Z62203,3400,2719,681
Z62204,4673,3373,1300
Z62205,4677,3582,1095
Z62206,7190,5402,1788
Z62207,4051,3319,732
Z62208,8181,7233,948
Z62214,552,445,107
Z62215,633,585,48
Z62216,1048,1029,19
Z62217,373,285,88
Z62218,635,602,33
Z62219,396,378,18
Z62220,9376,7769,1607
Z62221,12659,11235,1424
Z62223,7854,7013,841
Z62225,1528,1327,201
Z62226,13622,12145,1477
Z62230,2646,2430,216
Z62231,3606,2917,689
Z62232,2933,2575,358
Z62233,3185,2756,429
Z62234,14690,13240,1450
Z62236,5291,5147,144
Z62237,1183,1024,159
Z62238,311,231,80
Z62239,2332,2023,309
Z62240,810,658,152
Z62241,576,467,109
Z62242,605,493,112
Z62243,2449,2361,88
Z62244,500,434,66
Z62245,698,635,63
Z62246,3752,3271,481
Z62248,140,120,20
Z62249,6438,6037,401
Z62250,173,168,5
Z62253,444,336,108
Z62254,2449,2109,340
Z62255,404,372,32
Z62257,1457,1246,211
Z62258,3780,3403,377
Z62260,2810,2663,147
Z62261,138,55,83
Z62262,881,744,137
Z62263,2366,2070,296
Z62264,1416,1235,181
Z62265,1795,1653,142
Z62266,92,92,0
Z62268,313,297,16
Z62269,12351,11628,723
Z62271,971,835,136
Z62272,754,646,108
Z62273,173,149,24
Z62274,2918,2511,407
Z62275,1475,1394,81
Z62277,677,536,141
Z62278,2805,2563,242
Z62279,14,14,0
Z62280,139,139,0
Z62281,798,722,76
Z62282,229,199,30
Z62284,303,254,49
Z62285,1662,1635,27
Z62286,2860,2518,342
Z62288,1342,1183,159
Z62289,151,137,14
Z62292,360,308,52
Z62293,1909,1795,114
Z62294,5226,5095,131
Z62295,657,565,92
Z62297,175,175,0
Z62298,6744,6199,545
Z62301,15666,13840,1826
Z62305,7810,7307,503
Z62311,388,308,80
Z62312,1091,950,141
Z62313,126,116,10
Z62314,368,240,128
Z62316,284,245,39
Z62319,151,136,15
Z62320,815,740,75
Z62321,1997,1761,236
Z62323,139,96,43
Z62324,515,433,82
Z62325,227,195,32
Z62326,1189,1030,159
Z62330,964,752,212
Z62334,64,56,8
Z62336,28,23,5
Z62338,517,408,109
Z62339,391,358,33
Z62340,758,679,79
Z62341,1577,1453,124
Z62343,308,248,60
Z62344,42,32,10
Z62345,248,208,40
Z62346,125,113,12
Z62347,1100,947,153
Z62348,81,77,4
Z62349,226,201,25
Z62351,796,747,49
Z62352,126,97,29
Z62353,1705,1508,197
Z62354,981,692,289
Z62355,476,365,111
Z62356,288,222,66
Z62357,118,91,27
Z62358,372,348,24
Z62359,78,78,0
Z62360,758,710,48
Z62361,312,225,87
Z62362,240,182,58
Z62363,2662,2471,191
Z62365,287,253,34
Z62366,832,622,210
Z62367,552,414,138
Z62370,289,175,114
Z62373,140,140,0
Z62374,150,104,46
Z62375,212,179,33
Z62376,537,482,55
Z62378,524,440,84
Z62379,989,823,166
Z62380,202,136,66
Z62401,8506,7620,886
Z62410,456,399,57
Z62411,1809,1638,171
Z62413,144,139,5
Z62414,887,741,146
Z62417,1101,880,221
Z62418,967,708,259
Z62419,200,157,43
Z62420,2198,1892,306
Z62421,316,276,40
Z62422,506,453,53
Z62423,344,251,93
Z62424,895,840,55
Z62425,277,254,23
Z62426,508,398,110
Z62427,708,626,82
Z62428,1435,1306,129
Z62431,483,422,61
Z62432,187,175,12
Z62433,432,383,49
Z62434,171,162,9
Z62436,258,225,33
Z62438,156,156,0
Z62439,3620,3164,456
Z62440,646,527,119
Z62441,3299,2891,408
Z62442,1315,1076,239
Z62443,659,627,32
Z62444,175,127,48
Z62445,408,394,14
Z62446,185,155,30
Z62447,1697,1382,315
Z62448,2712,2351,361
Z62449,1386,1236,150
Z62450,5904,5129,775
Z62451,965,877,88
Z62452,181,158,23
Z62454,5026,4348,678
Z62458,914,788,126
Z62459,147,126,21
Z62460,455,347,108
Z62461,300,300,0
Z62462,389,365,24
Z62463,564,511,53
Z62465,391,373,18
Z62466,736,615,121
Z62467,1410,1347,63
Z62468,1062,996,66
Z62469,229,202,27
Z62471,3759,3208,551
Z62473,575,520,55
Z62474,451,412,39
Z62475,147,139,8
Z62476,926,785,141
Z62477,471,413,58
Z62478,180,163,17
Z62479,324,303,21
Z62480,249,207,42
Z62481,182,144,38
Z62501,1202,1117,85
Z62510,869,822,47
Z62512,131,124,7
Z62513,753,631,122
Z62514,85,81,4
Z62515,513,462,51
Z62517,121,103,18
Z62518,152,132,20
Z62519,32,32,0
Z62520,672,635,37
Z62521,16726,15026,1700
Z62522,7371,6242,1129
Z62523,476,385,91
Z62526,16140,14282,1858
Z62530,673,643,30
Z62531,876,827,49
Z62532,41,35,6
Z62533,411,365,46
Z62534,578,530,48
Z62535,1415,1381,34
Z62536,372,372,0
Z62537,27,19,8
Z62538,165,146,19
Z62539,537,508,29
Z62540,779,685,94
Z62541,23,23,0
Z62543,209,175,34
Z62544,881,806,75
Z62545,426,426,0
Z62546,658,530,128
Z62547,339,301,38
Z62548,860,749,111
Z62549,2537,2390,147
Z62550,1246,1074,172
Z62551,392,347,45
Z62553,190,184,6
Z62554,656,644,12
Z62555,212,185,27
Z62556,123,109,14
Z62557,3968,3281,687
Z62558,1507,1426,81
Z62560,567,491,76
Z62561,2101,1991,110
Z62563,2257,2184,73
Z62565,3697,3199,498
Z62567,480,439,41
Z62568,6898,6414,484
Z62570,256,210,46
Z62571,565,511,54
Z62572,238,219,19
Z62573,660,594,66
Z62601,224,186,38
Z62610,114,94,20
Z62611,524,452,72
Z62612,852,765,87
Z62613,1510,1426,84
Z62615,2172,2046,126
Z62617,524,309,215
Z62618,3280,2973,307
Z62621,560,522,38
Z62622,18,18,0
Z62624,278,228,50
Z62625,336,327,9
Z62626,3756,3305,451
Z62627,500,418,82
Z62628,359,323,36
Z62629,5364,5143,221
Z62630,244,201,43
Z62631,131,119,12
Z62633,294,270,24
Z62634,357,276,81
Z62635,268,233,35
Z62638,564,505,59
Z62639,126,105,21
Z62640,1782,1496,286
Z62642,749,633,116
Z62643,211,189,22
Z62644,2591,2258,333
Z62649,218,180,38
Z62650,11635,10464,1171
Z62655,271,249,22
Z62656,8023,7471,552
Z62661,597,515,82
Z62663,138,128,10
Z62664,1404,1327,77
Z62665,749,611,138
Z62666,255,230,25
Z62667,152,140,12
Z62668,640,559,81
Z62670,1293,1199,94
Z62671,213,165,48
Z62672,103,94,9
Z62673,240,238,2
Z62674,640,585,55
Z62675,2891,2630,261
Z62677,1095,1009,86
Z62681,2495,2231,264
Z62682,374,328,46
Z62684,2134,2082,52
Z62685,836,775,61
Z62688,260,224,36
Z62689,242,234,8
Z62690,1850,1619,231
Z62691,987,894,93
Z62692,916,790,126
Z62693,584,562,22
Z62694,1373,1210,163
Z62695,113,102,11
Z62701,672,617,55
Z62702,18032,15859,2173
Z62703,13976,12325,1651
Z62704,20744,18717,2027
Z62707,3077,2960,117
Z62711,6914,6635,279
Z62712,4225,4080,145
Z62801,10175,8687,1488
Z62803,392,367,25
Z62806,1572,1412,160
Z62807,443,345,98
Z62808,661,558,103
Z62809,82,61,21
Z62810,366,327,39
Z62811,126,106,20
Z62812,5241,4633,608
Z62814,833,744,89
Z62815,168,153,15
Z62816,650,602,48
Z62817,271,220,51
Z62818,121,114,7
Z62819,221,186,35
Z62820,91,69,22
Z62821,3747,3243,504
Z62822,1563,1296,267
Z62823,830,739,91
Z62824,823,700,123
Z62825,86,78,8
Z62827,605,531,74
Z62828,637,561,76
Z62829,27,18,9
Z62830,681,596,85
Z62831,255,212,43
Z62832,4452,3756,696
Z62833,109,109,0
Z62835,493,434,59
Z62836,270,233,37
Z62837,4429,3948,481
Z62838,774,649,125
Z62839,3028,2600,428
Z62841,52,51,1
Z62842,367,330,37
Z62843,66,44,22
Z62844,1039,852,187
Z62846,410,356,54
Z62848,336,309,27
Z62849,986,858,128
Z62850,159,152,7
Z62851,168,131,37
Z62852,62,47,15
Z62853,373,331,42
Z62854,686,648,38
Z62856,185,173,12
Z62858,1376,1254,122
Z62859,2790,2372,418
Z62860,246,208,38
Z62861,56,44,12
Z62862,170,161,9
Z62863,4703,4157,546
Z62864,11365,10307,1058
Z62865,892,795,97
Z62867,251,199,52
Z62868,680,566,114
Z62869,1305,1155,150
Z62870,881,801,80
Z62871,334,310,24
Z62872,444,413,31
Z62874,209,189,20
Z62875,509,447,62
Z62876,89,80,9
Z62877,270,218,52
Z62878,153,153,0
Z62879,53,39,14
Z62880,236,212,24
Z62881,5206,4616,590
Z62882,998,888,110
Z62883,348,301,47
Z62884,1308,1148,160
Z62885,372,362,10
Z62886,192,155,37
Z62887,190,151,39
Z62888,922,803,119
Z62889,377,334,43
Z62890,1328,1107,221
Z62891,300,262,38
Z62892,186,121,65
Z62893,394,357,37
Z62894,372,335,37
Z62895,896,832,64
Z62896,5748,5092,656
Z62897,179,144,35
Z62898,852,817,35
Z62899,786,701,85
Z62901,13043,10174,2869
Z62902,2309,2079,230
Z62903,1352,1046,306
Z62905,362,288,74
Z62906,3062,2678,384
Z62907,1006,872,134
Z62908,199,167,32
Z62910,1361,1062,299
Z62912,557,464,93
Z62914,1915,1269,646
Z62915,122,112,10
Z62916,367,341,26
Z62917,1246,1111,135
Z62918,4570,3957,613
Z62919,579,387,192
Z62920,1449,1232,217
Z62921,174,166,8
Z62922,1566,1200,366
Z62923,220,181,39
Z62924,1326,1173,153
Z62926,1034,892,142
Z62927,162,127,35
Z62928,166,101,65
Z62930,2742,2328,414
Z62931,885,663,222
Z62932,775,677,98
Z62933,605,556,49
Z62934,469,406,63
Z62935,908,677,231
Z62938,1599,976,623
Z62939,1563,1271,292
Z62940,195,139,56
Z62941,363,286,77
Z62942,356,275,81
Z62943,236,183,53
Z62946,6146,5385,761
Z62947,346,217,129
Z62948,6203,5415,788
Z62949,406,364,42
Z62950,124,124,0
Z62951,2390,2054,336
Z62952,1561,1268,293
Z62953,140,109,31
Z62954,239,195,44
Z62956,496,344,152
Z62957,483,353,130
Z62958,1042,910,132
Z62959,12427,11010,1417
Z62960,5440,4621,819
Z62961,27,14,13
Z62962,43,15,28
Z62963,265,219,46
Z62964,720,575,145
Z62965,58,35,23
Z62966,7402,6144,1258
Z62967,136,118,18
Z62969,349,189,160
Z62970,332,262,70
Z62972,690,445,245
Z62974,612,527,85
Z62975,162,162,0
Z62976,281,178,103
Z62977,326,259,67
Z62979,615,543,72
Z62982,607,449,158
Z62983,666,601,65
Z62984,952,822,130
Z62985,479,383,96
Z62987,533,402,131
Z62988,750,527,223
Z62990,437,291,146
Z62992,485,345,140
Z62994,300,247,53
Z62995,1937,1582,355
Z62996,271,204,67
Z62997,217,184,33
Z62998,152,133,19
Z62999,839,650,189
Z63005,6537,6154,383
Z63010,14841,13742,1099
Z63011,14639,13948,691
Z63012,3804,3785,19
Z63013,677,633,44
Z63014,301,252,49
Z63015,925,881,44
Z63016,3104,2695,409
Z63017,17320,16626,694
Z63019,1840,1683,157
Z63020,8335,7615,720
Z63021,22207,21186,1021
Z63023,2412,2237,175
Z63025,4945,4631,314
Z63026,17361,16409,952
Z63028,10885,10199,686
Z63030,174,126,48
Z63031,20021,18457,1564
Z63033,18865,17076,1789
Z63034,6775,6538,237
Z63036,1326,425,901
Z63037,1412,1193,219
Z63038,2538,2509,29
Z63039,297,297,0
Z63040,3162,2910,252
Z63041,184,184,0
Z63042,9176,8747,429
Z63043,9456,9133,323
Z63044,4614,4274,340
Z63045,0,0,0
Z63047,0,0,0
Z63048,1309,1221,88
Z63049,6624,6142,482
Z63050,6281,5834,447
Z63051,5618,5146,472
Z63052,9640,8866,774
Z63053,27,21,6
Z63055,1104,1005,99
Z63056,893,692,201
Z63057,0,0,0
Z63060,960,900,60
Z63061,99,63,36
Z63068,2200,1875,325
Z63069,6198,5664,534
Z63070,3332,3085,247
Z63071,508,414,94
Z63072,1239,1102,137
Z63073,324,324,0
Z63074,7767,6957,810
Z63077,5531,4551,980
Z63079,10,10,0
Z63080,6212,5420,792
Z63084,7376,6924,452
Z63087,370,343,27
Z63088,4227,3898,329
Z63089,2211,2172,39
Z63090,9084,8767,317
Z63091,547,487,60
Z63101,2268,1830,438
Z63102,1205,1074,131
Z63103,5784,3981,1803
Z63104,10977,9363,1614
Z63105,7503,6459,1044
Z63106,6011,4642,1369
Z63107,7016,4146,2870
Z63108,12394,10330,2064
Z63109,14962,13505,1457
Z63110,9451,7882,1569
Z63111,10872,8498,2374
Z63112,11412,8487,2925
Z63113,7134,4678,2456
Z63114,16819,14743,2076
Z63115,11304,7834,3470
Z63116,21995,19354,2641
Z63117,4907,4380,527
Z63118,15153,11036,4117
Z63119,14746,13861,885
Z63120,5040,3306,1734
Z63121,13378,10767,2611
Z63122,17028,16123,905
Z63123,23330,22285,1045
Z63124,4609,4403,206
Z63125,14863,13577,1286
Z63126,6529,6248,281
Z63127,1990,1862,128
Z63128,13100,12325,775
Z63129,22404,21781,623
Z63130,13875,12601,1274
Z63131,6582,6309,273
Z63132,6608,5711,897
Z63133,4067,3237,830
Z63134,6091,5347,744
Z63135,10087,8835,1252
Z63136,22000,17548,4452
Z63137,8571,7516,1055
Z63138,9152,7689,1463
Z63139,12368,11204,1164
Z63140,228,120,108
Z63141,8507,8092,415
Z63143,5824,5210,614
Z63144,4616,4131,485
Z63146,15011,13805,1206
Z63147,5011,3875,1136
Z63155,0,0,0
Z63301,20511,19027,1484
Z63303,19697,18932,765
Z63304,15404,14687,717
Z63330,185,71,114
Z63332,662,544,118
Z63333,359,281,78
Z63334,2845,2626,219
Z63336,666,548,118
Z63339,489,404,85
Z63341,1382,1297,85
Z63343,2003,1595,408
Z63344,714,611,103
Z63345,211,185,26
Z63347,1249,1036,213
Z63348,2478,2335,143
Z63349,771,664,107
Z63350,334,276,58
Z63351,658,588,70
Z63352,531,452,79
Z63353,2198,1803,395
Z63357,2388,1941,447
Z63359,640,473,167
Z63361,2223,1849,374
Z63362,2466,2246,220
Z63363,1023,797,226
Z63366,18638,18005,633
Z63367,8162,7730,432
Z63368,16269,15596,673
Z63369,918,783,135
Z63370,4,4,0
Z63373,260,210,50
Z63376,28564,27784,780
Z63377,1099,880,219
Z63379,9162,8229,933
Z63381,205,196,9
Z63382,1719,1462,257
Z63383,6166,5379,787
Z63384,948,726,222
Z63385,13959,13117,842
Z63386,307,233,74
Z63387,25,22,3
Z63388,437,318,119
Z63389,2561,2263,298
Z63390,5735,4142,1593
Z63401,9927,8603,1324
Z63430,229,206,23
Z63431,146,146,0
Z63432,291,168,123
Z63433,33,33,0
Z63434,317,266,51
Z63435,1875,1570,305
Z63436,609,475,134
Z63437,783,625,158
Z63438,262,221,41
Z63439,84,30,54
Z63440,550,468,82
Z63441,703,501,202
Z63443,329,209,120
Z63445,1794,1513,281
Z63446,418,333,85
Z63447,590,452,138
Z63448,769,655,114
Z63450,48,48,0
Z63451,112,71,41
Z63452,520,479,41
Z63453,205,166,39
Z63454,310,298,12
Z63456,2385,1794,591
Z63457,122,118,4
Z63458,111,82,29
Z63459,1838,1657,181
Z63460,162,140,22
Z63461,2604,2252,352
Z63462,924,574,350
Z63463,275,260,15
Z63464,27,15,12
Z63465,231,191,40
Z63467,34,10,24
Z63468,1275,940,335
Z63469,564,460,104
Z63471,262,254,8
Z63472,276,233,43
Z63473,161,102,59
Z63474,262,188,74
Z63501,9443,8140,1303
Z63530,503,427,76
Z63531,314,174,140
Z63532,750,589,161
Z63533,354,320,34
Z63534,452,320,132
Z63535,87,59,28
Z63536,400,287,113
Z63537,995,748,247
Z63538,145,101,44
Z63539,153,77,76
Z63540,87,67,20
Z63541,180,128,52
Z63543,187,116,71
Z63544,471,344,127
Z63545,628,484,144
Z63546,649,576,73
Z63547,268,210,58
Z63548,586,524,62
Z63549,1245,966,279
Z63551,174,123,51
Z63552,3470,3124,346
Z63555,1537,1302,235
Z63556,1648,1281,367
Z63557,223,94,129
Z63558,423,301,122
Z63559,795,588,207
Z63560,134,118,16
Z63561,572,454,118
Z63563,248,218,30
Z63565,2278,1680,598
Z63566,98,51,47
Z63567,77,60,17
Z63601,7612,6698,914
Z63620,1028,554,474
Z63621,709,596,113
Z63622,442,348,94
Z63623,384,275,109
Z63624,1994,1660,334
Z63625,207,150,57
Z63626,560,534,26
Z63627,1245,1113,132
Z63628,6142,5048,1094
Z63629,635,542,93
Z63630,1647,1305,342
Z63631,474,392,82
Z63633,365,246,119
Z63636,295,254,41
Z63637,679,633,46
Z63638,1547,1132,415
Z63640,11621,10613,1008
Z63645,5465,4370,1095
Z63648,628,560,68
Z63650,2038,1554,484
Z63653,597,505,92
Z63654,438,266,172
Z63655,694,521,173
Z63656,242,154,88
Z63660,1352,1174,178
Z63662,609,486,123
Z63663,326,286,40
Z63664,3766,3226,540
Z63665,210,98,112
Z63666,55,55,0
Z63670,5432,4456,976
Z63673,1062,806,256
Z63674,79,79,0
Z63675,96,74,22
Z63701,15992,14537,1455
Z63703,4422,3738,684
Z63730,1604,1348,256
Z63732,387,332,55
Z63735,364,325,39
Z63736,1370,1283,87
Z63738,39,39,0
Z63739,177,153,24
Z63740,2343,1986,357
Z63742,36,17,19
Z63743,21,21,0
Z63744,52,49,3
Z63745,18,14,4
Z63746,16,16,0
Z63747,219,197,22
Z63748,510,463,47
Z63750,21,0,21
Z63751,574,474,100
Z63755,9817,9170,647
Z63758,97,97,0
Z63760,288,241,47
Z63763,92,74,18
Z63764,2656,2145,511
Z63766,590,538,52
Z63767,316,276,40
Z63769,589,537,52
Z63770,73,66,7
Z63771,1145,972,173
Z63774,79,57,22
Z63775,7448,6361,1087
Z63780,2756,2583,173
Z63781,551,496,55
Z63782,180,135,45
Z63783,65,65,0
Z63784,68,53,15
Z63785,419,345,74
Z63787,359,266,93
Z63801,10326,9278,1048
Z63820,126,117,9
Z63821,427,373,54
Z63822,1391,1208,183
Z63823,624,596,28
Z63824,75,60,15
Z63825,1880,1645,235
Z63826,16,16,0
Z63827,402,323,79
Z63828,106,75,31
Z63829,558,448,110
Z63830,3330,3042,288
Z63833,127,94,33
Z63834,2441,2200,241
Z63837,743,627,116
Z63839,192,161,31
Z63841,6191,5673,518
Z63845,2403,2208,195
Z63846,692,585,107
Z63847,42,42,0
Z63848,660,553,107
Z63849,58,32,26
Z63851,1841,1492,349
Z63852,612,494,118
Z63853,111,89,22
Z63855,531,444,87
Z63857,5836,5179,657
Z63860,75,75,0
Z63862,796,668,128
Z63863,2804,2583,221
Z63866,199,153,46
Z63867,486,460,26
Z63868,357,302,55
Z63869,1724,1356,368
Z63870,572,415,157
Z63873,2135,1933,202
Z63874,164,138,26
Z63876,1061,900,161
Z63877,1640,1360,280
Z63878,73,63,10
Z63879,354,297,57
Z63880,25,7,18
Z63882,263,212,51
Z63901,15609,13452,2157
Z63902,0,0,0
Z63932,670,593,77
Z63933,1696,1525,171
Z63934,65,35,30
Z63935,4605,3747,858
Z63936,381,323,58
Z63937,1357,1067,290
Z63939,568,507,61
Z63940,639,559,80
Z63941,194,133,61
Z63942,382,307,75
Z63943,464,348,116
Z63944,1183,753,430
Z63945,472,440,32
Z63951,163,77,86
Z63952,272,212,60
Z63953,918,790,128
Z63954,605,429,176
Z63955,88,78,10
Z63956,562,450,112
Z63957,3404,2394,1010
Z63960,1378,1179,199
Z63961,792,681,111
Z63962,0,0,0
Z63964,401,304,97
Z63965,1610,1245,365
Z63966,2077,1115,962
Z63967,984,658,326
Z64001,299,263,36
Z64011,1598,1560,38
Z64012,11137,10030,1107
Z64014,9320,9017,303
Z64015,12087,11412,675
Z64016,1857,1707,150
Z64017,193,172,21
Z64018,342,328,14
Z64019,1109,1019,90
Z64020,1545,1351,194
Z64021,239,208,31
Z64022,113,88,25
Z64024,6923,6253,670
Z64029,6394,6126,268
Z64030,10893,9655,1238
Z64034,2889,2767,122
Z64035,422,376,46
Z64036,147,116,31
Z64037,2827,2418,409
Z64040,2704,2464,240
Z64048,1558,1445,113
Z64050,10408,9013,1395
Z64052,10220,9098,1122
Z64053,2697,2095,602
Z64054,1926,1695,231
Z64055,15652,14547,1105
Z64056,6389,5977,412
Z64057,6327,6005,322
Z64058,2527,2326,201
Z64060,5005,4695,310
Z64061,1342,1264,78
Z64062,2285,2168,117
Z64063,8126,7536,590
Z64064,6498,6011,487
Z64065,16,10,6
Z64066,15,10,5
Z64067,2477,2335,142
Z64068,14601,13619,982
Z64070,1253,1185,68
Z64071,333,329,4
Z64072,155,99,56
Z64074,317,304,13
Z64075,4423,4128,295
Z64076,4059,3612,447
Z64077,752,650,102
Z64078,3663,3529,134
Z64079,5187,4897,290
Z64080,5050,4855,195
Z64081,9607,9205,402
Z64082,5148,5038,110
Z64083,8269,8045,224
Z64084,687,579,108
Z64085,3881,3184,697
Z64086,8939,8137,802
Z64088,494,472,22
Z64089,4782,4536,246
Z64090,46,39,7
Z64092,0,0,0
Z64093,11384,10391,993
Z64096,472,375,97
Z64097,642,552,90
Z64098,1305,1176,129
Z64101,43,0,43
Z64102,0,0,0
Z64105,3288,2807,481
Z64106,4066,3504,562
Z64108,4546,3847,699
Z64109,6270,4289,1981
Z64110,7976,6318,1658
Z64111,11430,9583,1847
Z64112,5712,4871,841
Z64113,5081,4840,241
Z64114,13124,12190,934
Z64116,8166,7121,1045
Z64117,6469,5891,578
Z64118,18195,16932,1263
Z64119,11554,10577,977
Z64120,224,144,80
Z64123,4393,3271,1122
Z64124,5446,3811,1635
Z64125,908,614,294
Z64126,2880,2207,673
Z64127,9285,6566,2719
Z64128,6508,4731,1777
Z64129,4299,3693,606
Z64130,11506,8431,3075
Z64131,11334,9967,1367
Z64132,7018,5538,1480
Z64133,15516,14142,1374
Z64134,9623,8307,1316
Z64136,1042,988,54
Z64137,5037,4564,473
Z64138,11153,10144,1009
Z64139,480,464,16
Z64145,2360,2209,151
Z64146,679,581,98
Z64147,198,165,33
Z64149,155,155,0
Z64150,1451,1285,166
Z64151,11416,10870,546
Z64152,10798,10373,425
Z64153,2587,2313,274
Z64154,4497,4231,266
Z64155,8536,8214,322
Z64156,2610,2337,273
Z64157,5922,5790,132
Z64158,2162,2090,72
Z64161,163,149,14
Z64163,378,311,67
Z64164,166,166,0
Z64165,26,26,0
Z64166,135,95,40
Z64167,131,131,0
Z64192,0,0,0
Z64401,648,598,50
Z64402,1215,1070,145
Z64420,31,26,5
Z64421,407,291,116
Z64422,113,88,25
Z64423,384,360,24
Z64424,2114,1801,313
Z64426,192,154,38
Z64427,344,305,39
Z64428,440,338,102
Z64429,4456,3898,558
Z64430,300,270,30
Z64431,200,174,26
Z64432,37,28,9
Z64433,40,40,0
Z64434,211,190,21
Z64436,298,268,30
Z64437,630,283,347
Z64438,118,97,21
Z64439,679,594,85
Z64440,272,253,19
Z64441,139,92,47
Z64442,381,322,59
Z64443,434,396,38
Z64444,662,599,63
Z64445,157,137,20
Z64446,560,468,92
Z64448,456,400,56
Z64449,204,193,11
Z64451,268,224,44
Z64453,114,76,38
Z64454,1007,928,79
Z64455,209,166,43
Z64456,830,586,244
Z64457,117,91,26
Z64458,81,64,17
Z64459,253,218,35
Z64461,423,344,79
Z64463,811,674,137
Z64465,2040,1872,168
Z64466,271,221,50
Z64467,116,64,52
Z64468,6153,5748,405
Z64469,1068,912,156
Z64470,878,751,127
Z64471,240,172,68
Z64473,719,638,81
Z64474,406,355,51
Z64475,191,138,53
Z64476,182,165,17
Z64477,1560,1399,161
Z64479,411,381,30
Z64480,152,152,0
Z64481,550,464,86
Z64482,1071,968,103
Z64483,262,240,22
Z64484,447,362,85
Z64485,3361,3217,144
Z64486,302,241,61
Z64487,383,314,69
Z64489,870,781,89
Z64490,961,899,62
Z64491,1009,839,170
Z64492,754,740,14
Z64493,196,193,3
Z64494,410,345,65
Z64496,52,29,23
Z64497,159,143,16
Z64498,250,170,80
Z64499,57,31,26
Z64501,5980,4424,1556
Z64503,5771,4990,781
Z64504,4658,3955,703
Z64505,5690,4999,691
Z64506,9720,9196,524
Z64507,5824,5004,820
Z64601,5220,4508,712
Z64620,308,180,128
Z64622,239,159,80
Z64623,334,212,122
Z64624,778,631,147
Z64625,357,218,139
Z64628,3043,2257,786
Z64630,318,211,107
Z64631,515,354,161
Z64632,356,247,109
Z64633,2588,2042,546
Z64635,285,211,74
Z64636,147,102,45
Z64637,348,231,117
Z64638,266,203,63
Z64639,130,93,37
Z64640,1705,1242,463
Z64641,391,262,129
Z64642,531,426,105
Z64643,596,482,114
Z64644,1434,1215,219
Z64645,157,100,57
Z64646,160,123,37
Z64647,224,149,75
Z64648,830,689,141
Z64649,272,253,19
Z64650,303,249,54
Z64651,384,292,92
Z64652,243,178,65
Z64653,328,274,54
Z64654,26,16,10
Z64655,205,150,55
Z64656,146,103,43
Z64657,183,126,57
Z64658,1552,1225,327
Z64659,389,327,62
Z64660,240,183,57
Z64661,670,415,255
Z64664,220,208,12
Z64667,206,156,50
Z64668,737,616,121
Z64670,531,416,115
Z64671,1141,832,309
Z64672,118,92,26
Z64673,1199,918,281
Z64674,266,185,81
Z64676,117,91,26
Z64679,360,264,96
Z64681,147,70,77
Z64682,157,133,24
Z64683,3998,3287,711
Z64686,135,110,25
Z64688,230,200,30
Z64689,306,226,80
Z64701,6019,5669,350
Z64720,1697,1514,183
Z64722,184,148,36
Z64723,296,256,40
Z64724,1031,804,227
Z64725,981,907,74
Z64726,230,156,74
Z64728,252,190,62
Z64730,3337,2852,485
Z64733,541,502,39
Z64734,653,638,15
Z64735,6467,5811,656
Z64738,513,451,62
Z64739,341,323,18
Z64740,1140,835,305
Z64741,185,112,73
Z64742,1043,947,96
Z64743,106,97,9
Z64744,4020,3372,648
Z64745,110,99,11
Z64746,683,577,106
Z64747,1661,1490,171
Z64748,672,565,107
Z64750,190,126,64
Z64752,339,278,61
Z64755,1042,966,76
Z64756,377,246,131
Z64759,3716,3353,363
Z64761,651,580,71
Z64762,779,688,91
Z64763,914,608,306
Z64765,25,17,8
Z64767,280,226,54
Z64769,253,214,39
Z64770,572,461,111
Z64771,356,296,60
Z64772,6247,5464,783
Z64776,2401,1588,813
Z64778,264,231,33
Z64779,1191,1001,190
Z64780,373,263,110
Z64781,69,40,29
Z64783,375,286,89
Z64784,622,504,118
Z64788,700,635,65
Z64790,360,285,75
Z64801,17309,15032,2277
Z64804,16095,14366,1729
Z64830,314,282,32
Z64831,2652,2296,356
Z64832,327,255,72
Z64833,45,33,12
Z64834,3636,3506,130
Z64835,764,665,99
Z64836,9504,8553,951
Z64840,1377,1266,111
Z64841,203,185,18
Z64842,336,282,54
Z64843,1303,1097,206
Z64844,1966,1730,236
Z64847,248,197,51
Z64848,316,283,33
Z64849,66,57,9
Z64850,9691,8902,789
Z64854,1907,1419,488
Z64855,972,909,63
Z64856,1676,1538,138
Z64857,148,126,22
Z64858,30,30,0
Z64859,572,426,146
Z64861,686,594,92
Z64862,1273,1067,206
Z64863,649,515,134
Z64865,2327,2198,129
Z64866,575,533,42
Z64867,679,580,99
Z64870,6146,5661,485
Z64873,559,458,101
Z64874,341,274,67
Z65001,182,165,17
Z65010,2550,2516,34
Z65011,1284,695,589
Z65013,1763,1377,386
Z65014,1196,860,336
Z65016,605,522,83
Z65017,720,441,279
Z65018,3251,3018,233
Z65020,9534,5320,4214
Z65023,768,577,191
Z65024,642,496,146
Z65025,356,273,83
Z65026,5517,4452,1065
Z65032,666,651,15
Z65034,200,186,14
Z65035,765,694,71
Z65037,5477,1995,3482
Z65039,1119,1105,14
Z65040,617,498,119
Z65041,3228,2375,853
Z65043,4334,3986,348
Z65046,538,447,91
Z65047,804,555,249
Z65048,77,63,14
Z65049,8920,2575,6345
Z65050,264,242,22
Z65051,2249,1845,404
Z65052,2080,1370,710
Z65053,646,514,132
Z65054,380,289,91
Z65058,487,428,59
Z65059,343,254,89
Z65061,515,313,202
Z65062,79,0,79
Z65063,1466,1363,103
Z65064,204,178,26
Z65065,8711,2639,6072
Z65066,3525,2750,775
Z65067,262,176,86
Z65068,383,300,83
Z65069,449,319,130
Z65072,2831,639,2192
Z65074,1303,1150,153
Z65075,378,332,46
Z65076,280,266,14
Z65077,287,232,55
Z65078,2790,1373,1417
Z65079,6359,1711,4648
Z65080,430,341,89
Z65081,1274,1145,129
Z65082,488,409,79
Z65083,146,105,41
Z65084,3316,2690,626
Z65085,577,451,126
Z65101,12264,10676,1588
Z65109,17255,16140,1115
Z65201,16298,14742,1556
Z65202,20862,19242,1620
Z65203,24716,23190,1526
Z65215,0,0,0
Z65230,368,322,46
Z65231,1455,1270,185
Z65232,119,111,8
Z65233,4863,4283,580
Z65236,744,554,190
Z65237,422,339,83
Z65239,657,446,211
Z65240,3491,3295,196
Z65243,879,764,115
Z65244,197,152,45
Z65246,76,52,24
Z65247,371,270,101
Z65248,1894,1462,432
Z65250,257,223,34
Z65251,8438,7293,1145
Z65254,846,701,145
Z65255,1530,1462,68
Z65256,723,670,53
Z65257,869,615,254
Z65258,218,160,58
Z65259,1176,917,259
Z65260,294,227,67
Z65261,704,411,293
Z65262,364,334,30
Z65263,877,709,168
Z65264,295,247,48
Z65265,7031,5977,1054
Z65270,7228,5897,1331
Z65274,876,793,83
Z65275,1448,1059,389
Z65276,654,595,59
Z65278,65,56,9
Z65279,770,660,110
Z65280,101,81,20
Z65281,1496,1155,341
Z65282,168,79,89
Z65283,427,230,197
Z65284,1004,918,86
Z65285,334,265,69
Z65286,85,50,35
Z65287,202,169,33
Z65301,15144,13390,1754
Z65305,797,777,20
Z65320,60,25,35
Z65321,192,180,12
Z65322,282,242,40
Z65323,434,355,79
Z65324,1851,666,1185
Z65325,1626,1390,236
Z65326,2279,789,1490
Z65327,98,94,4
Z65329,164,164,0
Z65330,215,186,29
Z65332,578,523,55
Z65333,309,281,28
Z65334,347,338,9
Z65335,79,69,10
Z65336,2530,2323,207
Z65337,799,658,141
Z65338,1768,1129,639
Z65339,347,288,59
Z65340,6444,5897,547
Z65344,170,109,61
Z65345,220,187,33
Z65347,339,292,47
Z65348,630,569,61
Z65349,1255,966,289
Z65350,688,641,47
Z65351,1134,952,182
Z65354,337,284,53
Z65355,8719,4781,3938
Z65360,2142,1855,287
Z65401,13947,11868,2079
Z65436,31,22,9
Z65438,1361,1140,221
Z65439,161,149,12
Z65440,224,132,92
Z65441,2640,2032,608
Z65443,9,9,0
Z65444,452,359,93
Z65446,276,164,112
Z65449,220,110,110
Z65452,1362,1095,267
Z65453,4089,3220,869
Z65456,325,270,55
Z65457,178,94,84
Z65459,3366,2750,616
Z65461,40,34,6
Z65462,770,605,165
Z65463,517,423,94
Z65464,268,218,50
Z65466,941,671,270
Z65468,139,139,0
Z65470,473,377,96
Z65473,2772,2490,282
Z65479,159,123,36
Z65483,2236,1693,543
Z65484,59,59,0
Z65486,1440,1197,243
Z65501,86,81,5
Z65529,69,47,22
Z65534,487,394,93
Z65535,740,631,109
Z65536,12992,11233,1759
Z65541,42,36,6
Z65542,2614,2073,541
Z65543,184,134,50
Z65548,2484,2189,295
Z65550,1652,1320,332
Z65552,1015,708,307
Z65555,551,416,135
Z65556,2351,2086,265
Z65557,53,42,11
Z65559,3975,3411,564
Z65560,6816,5512,1304
Z65564,110,110,0
Z65565,2673,2075,598
Z65566,368,280,88
Z65567,614,541,73
Z65570,282,246,36
Z65571,1056,813,243
Z65580,409,316,93
Z65582,1065,769,296
Z65583,5017,4124,893
Z65584,4774,4005,769
Z65586,7,7,0
Z65588,1308,1061,247
Z65589,167,101,66
Z65590,589,505,84
Z65591,596,557,39
Z65601,434,293,141
Z65603,82,67,15
Z65604,1751,1512,239
Z65605,5304,4622,682
Z65606,1628,1383,245
Z65608,4561,3779,782
Z65609,381,315,66
Z65610,2337,2176,161
Z65611,1433,796,637
Z65612,665,593,72
Z65613,7464,6742,722
Z65614,294,235,59
Z65616,16029,10138,5891
Z65617,557,549,8
Z65618,127,127,0
Z65619,3145,2999,146
Z65620,61,61,0
Z65622,3809,3248,561
Z65623,24,12,12
Z65624,1094,790,304
Z65625,3764,2996,768
Z65626,840,684,156
Z65627,454,251,203
Z65629,281,254,27
Z65630,132,128,4
Z65631,1956,1789,167
Z65632,1096,928,168
Z65633,1827,1660,167
Z65634,416,331,85
Z65635,321,261,60
Z65637,650,566,84
Z65638,238,181,57
Z65640,404,338,66
Z65641,957,459,498
Z65644,1142,1013,129
Z65646,1015,844,171
Z65647,1042,844,198
Z65648,2679,2372,307
Z65649,704,573,131
Z65650,900,452,448
Z65652,1439,1332,107
Z65653,2861,2405,456
Z65654,121,70,51
Z65655,1630,1475,155
Z65656,2571,1992,579
Z65657,69,69,0
Z65658,1055,720,335
Z65660,46,43,3
Z65661,1366,1080,286
Z65662,653,504,149
Z65663,997,880,117
Z65664,51,42,9
Z65667,1597,1311,286
Z65668,1297,830,467
Z65669,764,716,48
Z65672,4854,3581,1273
Z65674,1252,1067,185
Z65676,433,215,218
Z65679,1226,1045,181
Z65680,723,621,102
Z65681,1658,768,890
Z65682,1033,867,166
Z65685,332,259,73
Z65686,3390,1946,1444
Z65689,2228,1761,467
Z65690,169,93,76
Z65692,594,518,76
Z65702,233,198,35
Z65704,1714,1399,315
Z65705,1797,1632,165
Z65706,6159,5469,690
Z65707,1089,868,221
Z65708,5188,4517,671
Z65710,426,399,27
Z65711,4634,4029,605
Z65712,3671,3267,404
Z65713,1138,927,211
Z65714,12383,11453,930
Z65715,38,19,19
Z65717,1111,937,174
Z65720,211,188,23
Z65721,12073,11105,968
Z65722,563,497,66
Z65723,1471,1321,150
Z65724,1485,725,760
Z65725,1235,1100,135
Z65727,183,177,6
Z65728,15,15,0
Z65729,358,146,212
Z65730,27,27,0
Z65731,134,134,0
Z65732,366,337,29
Z65733,716,396,320
Z65734,1306,1122,184
Z65735,78,55,23
Z65737,5593,3366,2227
Z65738,7359,6838,521
Z65739,969,472,497
Z65740,1779,1356,423
Z65742,4952,4529,423
Z65744,68,65,3
Z65745,1188,998,190
Z65746,2759,2469,290
Z65747,3362,1662,1700
Z65752,198,172,26
Z65753,2184,1983,201
Z65754,451,337,114
Z65755,213,162,51
Z65756,287,255,32
Z65757,2851,2717,134
Z65759,649,532,117
Z65760,350,282,68
Z65761,973,538,435
Z65762,211,176,35
Z65764,676,559,117
Z65766,143,53,90
Z65767,1121,723,398
Z65768,138,123,15
Z65769,1133,1078,55
Z65770,1287,1172,115
Z65771,635,536,99
Z65772,976,775,201
Z65773,227,210,17
Z65774,572,384,188
Z65775,11257,10249,1008
Z65777,171,171,0
Z65778,278,224,54
Z65779,1513,912,601
Z65781,3305,3084,221
Z65783,112,58,54
Z65784,9,9,0
Z65785,2646,2174,472
Z65786,1047,855,192
Z65787,1471,620,851
Z65788,145,121,24
Z65789,842,697,145
Z65790,390,358,32
Z65791,2306,1776,530
Z65793,2857,2511,346
Z65802,19926,17787,2139
Z65803,19165,17220,1945
Z65804,19344,17919,1425
Z65806,5871,5125,746
Z65807,25878,23909,1969
Z65809,4777,4558,219
Z65810,9339,9031,308
Z66002,5374,4714,660
Z66006,2893,2697,196
Z66007,2263,2129,134
Z66008,100,84,16
Z66010,404,293,111
Z66012,4504,4186,318
Z66013,746,733,13
Z66014,187,116,71
Z66015,400,347,53
Z66016,158,91,67
Z66017,154,152,2
Z66018,2387,2204,183
Z66019,74,74,0
Z66020,574,527,47
Z66021,961,817,144
Z66023,695,564,131
Z66024,412,357,55
Z66025,3145,2826,319
Z66026,236,228,8
Z66027,1710,1537,173
Z66030,8371,7850,521
Z66031,0,0,0
Z66032,2318,2100,218
Z66033,315,291,24
Z66035,484,363,121
Z66039,359,276,83
Z66040,2031,1530,501
Z66041,317,286,31
Z66042,342,324,18
Z66043,3153,2989,164
Z66044,11610,10443,1167
Z66045,0,0,0
Z66046,8806,7874,932
Z66047,8574,7979,595
Z66048,14317,12876,1441
Z66049,11976,11170,806
Z66050,864,809,55
Z66052,1011,958,53
Z66053,3041,2930,111
Z66054,1380,1302,78
Z66056,1024,676,348
Z66058,190,151,39
Z66060,469,395,74
Z66061,21842,20695,1147
Z66062,27682,26842,840
Z66064,2577,2296,281
Z66066,1142,987,155
Z66067,7021,6196,825
Z66070,1111,1009,102
Z66071,5027,4787,240
Z66072,505,478,27
Z66073,1013,969,44
Z66075,1115,922,193
Z66076,888,772,116
Z66078,419,403,16
Z66079,335,200,135
Z66080,386,350,36
Z66083,3360,3227,133
Z66085,2998,2766,232
Z66086,3948,3743,205
Z66087,949,860,89
Z66088,1048,976,72
Z66090,1188,1067,121
Z66091,109,62,47
Z66092,1605,1466,139
Z66093,275,253,22
Z66094,249,207,42
Z66095,457,436,21
Z66097,545,512,33
Z66101,5923,4631,1292
Z66102,11619,10006,1613
Z66103,6998,6058,940
Z66104,11457,9300,2157
Z66105,993,793,200
Z66106,9167,8506,661
Z66109,8381,8000,381
Z66111,3917,3594,323
Z66112,5576,5215,361
Z66115,0,0,0
Z66118,0,0,0
Z66202,8590,7848,742
Z66203,8830,8316,514
Z66204,9759,9042,717
Z66205,6659,6282,377
Z66206,4142,3957,185
Z66207,6087,5786,301
Z66208,9753,9276,477
Z66209,8546,8394,152
Z66210,8888,8456,432
Z66211,2281,2149,132
Z66212,15457,14674,783
Z66213,11593,11245,348
Z66214,5562,5338,224
Z66215,11143,10561,582
Z66216,9603,9092,511
Z66217,2384,2235,149
Z66218,2566,2545,21
Z66219,4910,4714,196
Z66220,2721,2678,43
Z66221,5795,5490,305
Z66223,9119,8445,674
Z66224,4194,4048,146
Z66226,4240,4132,108
Z66227,1820,1808,12
Z66401,1078,729,349
Z66402,1248,1196,52
Z66403,308,295,13
Z66404,189,175,14
Z66406,237,221,16
Z66407,234,199,35
Z66408,231,200,31
Z66409,1267,1202,65
Z66411,568,482,86
Z66412,121,103,18
Z66413,933,740,193
Z66414,1246,1092,154
Z66415,382,339,43
Z66416,204,193,11
Z66417,128,110,18
Z66418,235,196,39
Z66419,202,189,13
Z66422,152,128,24
Z66423,395,336,59
Z66424,254,229,25
Z66425,198,181,17
Z66427,655,547,108
Z66428,223,201,22
Z66429,206,206,0
Z66431,248,243,5
Z66432,190,149,41
Z66434,2398,2083,315
Z66436,2498,2318,180
Z66438,108,108,0
Z66439,1379,1146,233
Z66440,739,687,52
Z66441,12541,10530,2011
Z66442,3559,3198,361
Z66449,342,264,78
Z66451,800,675,125
Z66501,133,120,13
Z66502,20021,18246,1775
Z66503,6517,5853,664
Z66506,96,36,60
Z66507,463,423,40
Z66508,2123,1922,201
Z66509,1192,1080,112
Z66510,358,303,55
Z66512,1405,1278,127
Z66514,709,561,148
Z66515,190,177,13
Z66516,147,141,6
Z66517,1037,812,225
Z66518,76,52,24
Z66520,293,218,75
Z66521,844,722,122
Z66522,22,16,6
Z66523,1760,1599,161
Z66524,1129,1014,115
Z66526,316,271,45
Z66527,126,97,29
Z66528,449,390,59
Z66531,604,530,74
Z66532,260,225,35
Z66533,654,597,57
Z66534,1679,1538,141
Z66535,1160,1092,68
Z66536,1245,1185,60
Z66537,523,487,36
Z66538,1456,1435,21
Z66539,1107,1074,33
Z66540,243,203,40
Z66541,121,106,15
Z66542,1352,1279,73
Z66543,511,424,87
Z66544,210,192,18
Z66546,502,481,21
Z66547,3156,3023,133
Z66548,478,382,96
Z66549,767,666,101
Z66550,313,269,44
Z66552,248,234,14
Z66554,292,259,33
Z66603,1139,737,402
Z66604,11173,9841,1332
Z66605,7975,7213,762
Z66606,5787,5206,581
Z66607,3981,3006,975
Z66608,2714,2168,546
Z66609,3361,3168,193
Z66610,3480,3447,33
Z66611,4956,4469,487
Z66612,1739,1322,417
Z66614,14876,13643,1233
Z66615,1499,1358,141
Z66616,2571,2434,137
Z66617,3638,3399,239
Z66618,3567,3411,156
Z66619,1024,873,151
Z66621,30,30,0
Z66622,0,0,0
Z66701,5815,4744,1071
Z66710,349,301,48
Z66711,388,255,133
Z66712,898,753,145
Z66713,2514,2018,496
Z66714,77,77,0
Z66716,280,209,71
Z66717,266,242,24
Z66720,5465,4641,824
Z66724,499,440,59
Z66725,2877,2458,419
Z66728,0,0,0
Z66732,139,120,19
Z66733,990,804,186
Z66734,138,130,8
Z66735,253,233,20
Z66736,1940,1544,396
Z66738,165,143,22
Z66739,2426,1891,535
Z66740,177,153,24
Z66741,72,72,0
Z66743,1891,1519,372
Z66746,138,106,32
Z66748,1220,1007,213
Z66749,3661,3180,481
Z66751,475,394,81
Z66753,519,453,66
Z66754,265,123,142
Z66755,602,447,155
Z66756,443,356,87
Z66757,1625,1350,275
Z66758,99,78,21
Z66760,0,0,0
Z66761,175,157,18
Z66762,11297,9586,1711
Z66763,1389,1285,104
Z66767,205,180,25
Z66769,156,131,25
Z66770,522,463,59
Z66771,425,362,63
Z66772,126,113,13
Z66773,395,315,80
Z66775,90,74,16
Z66776,533,443,90
Z66777,529,294,235
Z66778,6,0,6
Z66779,311,249,62
Z66780,323,219,104
Z66781,659,452,207
Z66782,114,94,20
Z66783,1259,1036,223
Z66801,12858,11189,1669
Z66830,107,79,28
Z66833,259,219,40
Z66834,344,317,27
Z66835,565,496,69
Z66838,83,80,3
Z66839,1893,1646,247
Z66840,373,323,50
Z66842,214,129,85
Z66843,167,108,59
Z66845,534,461,73
Z66846,2107,1442,665
Z66849,193,165,28
Z66850,86,81,5
Z66851,331,273,58
Z66852,274,249,25
Z66853,242,163,79
Z66854,418,365,53
Z66856,716,656,60
Z66857,486,440,46
Z66858,288,225,63
Z66859,91,89,2
Z66860,823,634,189
Z66861,1673,1257,416
Z66862,112,50,62
Z66863,20,20,0
Z66864,200,160,40
Z66865,527,505,22
Z66866,794,659,135
Z66868,362,324,38
Z66869,362,301,61
Z66870,108,51,57
Z66871,618,564,54
Z66872,571,445,126
Z66873,168,119,49
Z66901,3008,2679,329
Z66930,127,104,23
Z66932,96,69,27
Z66933,198,136,62
Z66935,1328,1120,208
Z66936,238,155,83
Z66937,380,328,52
Z66938,549,463,86
Z66939,296,279,17
Z66940,253,154,99
Z66941,173,86,87
Z66942,149,102,47
Z66943,249,227,22
Z66944,147,64,83
Z66945,470,392,78
Z66946,70,52,18
Z66948,293,226,67
Z66949,424,352,72
Z66951,445,337,108
Z66952,321,203,118
Z66953,310,270,40
Z66955,75,44,31
Z66956,618,520,98
Z66958,202,142,60
Z66959,168,133,35
Z66960,114,73,41
Z66962,158,122,36
Z66963,155,82,73
Z66964,155,89,66
Z66966,357,290,67
Z66967,1133,885,248
Z66968,827,758,69
Z66970,196,67,129
Z67001,456,439,17
Z67002,5427,5149,278
Z67003,1440,1165,275
Z67004,397,306,91
Z67005,7396,6298,1098
Z67008,257,210,47
Z67009,432,355,77
Z67010,5593,5287,306
Z67012,19,11,8
Z67013,1196,1048,148
Z67016,199,179,20
Z67017,909,840,69
Z67018,64,46,18
Z67019,507,409,98
Z67020,788,706,82
Z67021,30,22,8
Z67022,926,681,245
Z67023,115,89,26
Z67024,492,332,160
Z67025,1492,1353,139
Z67026,1871,1757,114
Z67028,164,108,56
Z67029,525,434,91
Z67030,923,903,20
Z67031,1014,922,92
Z67035,466,416,50
Z67036,72,40,32
Z67037,11272,10524,748
Z67038,294,243,51
Z67039,1448,1277,171
Z67041,106,105,1
Z67042,7027,6346,681
Z67045,1941,1481,460
Z67047,694,361,333
Z67049,93,28,65
Z67050,648,606,42
Z67051,213,180,33
Z67052,2844,2680,164
Z67053,270,242,28
Z67054,622,565,57
Z67055,57,57,0
Z67056,1189,1074,115
Z67057,139,95,44
Z67058,1021,779,242
Z67059,450,383,67
Z67060,5616,5152,464
Z67061,101,78,23
Z67062,1686,1686,0
Z67063,1589,1305,284
Z67065,90,71,19
Z67066,151,146,5
Z67067,650,631,19
Z67068,2150,1674,476
Z67070,661,454,207
Z67071,121,69,52
Z67072,118,101,17
Z67073,141,123,18
Z67074,767,720,47
Z67101,1165,1138,27
Z67103,97,81,16
Z67104,1453,1046,407
Z67105,113,84,29
Z67106,91,64,27
Z67107,1227,1130,97
Z67108,659,585,74
Z67109,210,170,40
Z67110,3380,3066,314
Z67111,109,84,25
Z67112,142,98,44
Z67114,9438,8738,700
Z67117,694,649,45
Z67118,320,261,59
Z67119,716,592,124
Z67120,603,566,37
Z67122,194,57,137
Z67123,329,285,44
Z67124,3780,3355,425
Z67127,385,296,89
Z67131,147,116,31
Z67132,158,150,8
Z67133,2517,2324,193
Z67134,197,136,61
Z67135,1354,1215,139
Z67137,474,288,186
Z67138,162,115,47
Z67140,382,309,73
Z67142,254,177,77
Z67143,29,18,11
Z67144,1092,1002,90
Z67146,839,775,64
Z67147,3981,3533,448
Z67149,377,342,35
Z67150,24,19,5
Z67151,220,213,7
Z67152,4304,3687,617
Z67154,523,452,71
Z67155,109,72,37
Z67156,6367,5507,860
Z67159,108,67,41
Z67202,1166,912,254
Z67203,14837,13023,1814
Z67204,8716,7810,906
Z67205,5819,5458,361
Z67206,7566,6969,597
Z67207,12439,11269,1170
Z67208,8169,7310,859
Z67209,5448,5160,288
Z67210,3763,3350,413
Z67211,10082,8223,1859
Z67212,18850,18142,708
Z67213,9719,8528,1191
Z67214,8052,6148,1904
Z67215,2044,2010,34
Z67216,10204,9111,1093
Z67217,12160,11040,1120
Z67218,11539,9643,1896
Z67219,4965,4323,642
Z67220,6304,5832,472
Z67223,199,189,10
Z67226,8214,7809,405
Z67227,135,91,44
Z67228,598,598,0
Z67230,3579,3390,189
Z67232,149,108,41
Z67235,4097,4006,91
Z67260,0,0,0
Z67301,6197,4997,1200
Z67330,728,645,83
Z67332,81,76,5
Z67333,1380,1178,202
Z67334,65,36,29
Z67335,1627,1347,280
Z67336,864,662,202
Z67337,6273,5117,1156
Z67340,174,164,10
Z67341,93,93,0
Z67342,440,388,52
Z67344,451,331,120
Z67345,89,68,21
Z67346,251,156,95
Z67347,239,199,40
Z67349,639,502,137
Z67351,239,221,18
Z67352,356,243,113
Z67353,369,264,105
Z67354,367,281,86
Z67355,72,66,6
Z67356,1310,1083,227
Z67357,6140,5117,1023
Z67360,232,180,52
Z67361,1097,849,248
Z67363,27,17,10
Z67364,189,166,23
Z67401,22303,20715,1588
Z67410,4658,4129,529
Z67416,535,487,48
Z67417,94,84,10
Z67418,101,67,34
Z67420,2271,1903,368
Z67422,528,489,39
Z67423,150,137,13
Z67425,382,297,85
Z67427,253,209,44
Z67428,656,605,51
Z67430,369,300,69
Z67431,1043,980,63
Z67432,2956,2432,524
Z67436,434,345,89
Z67437,651,565,86
Z67438,151,132,19
Z67439,1439,1339,100
Z67441,483,427,56
Z67442,101,101,0
Z67443,745,658,87
Z67444,376,270,106
Z67445,359,263,96
Z67446,359,291,68
Z67447,142,123,19
Z67448,563,521,42
Z67449,1667,1239,428
Z67450,307,239,68
Z67451,457,374,83
Z67452,158,112,46
Z67454,284,233,51
Z67455,1084,802,282
Z67456,1930,1761,169
Z67457,399,340,59
Z67458,133,130,3
Z67459,140,126,14
Z67460,6766,6336,430
Z67464,686,438,248
Z67466,449,363,86
Z67467,1199,1116,83
Z67468,86,71,15
Z67470,258,207,51
Z67473,1000,810,190
Z67474,142,108,34
Z67475,126,98,28
Z67478,55,39,16
Z67480,870,742,128
Z67481,468,269,199
Z67482,29,29,0
Z67483,129,117,12
Z67484,408,350,58
Z67485,184,143,41
Z67487,608,533,75
Z67490,544,461,83
Z67491,203,197,6
Z67492,105,101,4
Z67501,11500,9614,1886
Z67502,10681,10217,464
Z67505,1191,1107,84
Z67510,156,129,27
Z67511,198,178,20
Z67512,97,83,14
Z67513,58,20,38
Z67514,359,329,30
Z67515,39,31,8
Z67516,242,187,55
Z67518,50,29,21
Z67519,139,106,33
Z67520,192,147,45
Z67521,114,61,53
Z67522,837,788,49
Z67523,189,143,46
Z67524,317,272,45
Z67525,555,429,126
Z67526,1309,1248,61
Z67529,213,154,59
Z67530,8826,7963,863
Z67543,884,782,102
Z67544,1468,1283,185
Z67545,122,95,27
Z67546,1199,1041,158
Z67547,963,748,215
Z67548,759,680,79
Z67550,2596,2150,446
Z67552,330,272,58
Z67553,90,67,23
Z67554,1894,1620,274
Z67556,197,146,51
Z67557,317,237,80
Z67559,38,23,15
Z67560,921,782,139
Z67561,671,551,120
Z67563,195,145,50
Z67564,129,114,15
Z67565,281,210,71
Z67566,254,229,25
Z67567,262,204,58
Z67568,132,102,30
Z67570,599,563,36
Z67572,265,205,60
Z67573,100,76,24
Z67574,134,106,28
Z67575,238,197,41
Z67576,967,777,190
Z67578,826,602,224
Z67579,1292,1104,188
Z67581,244,121,123
Z67583,542,367,175
Z67584,179,144,35
Z67601,10760,9812,948
Z67621,221,168,53
Z67622,408,356,52
Z67623,170,114,56
Z67625,225,154,71
Z67626,106,82,24
Z67628,49,26,23
Z67629,144,105,39
Z67631,123,105,18
Z67632,128,101,27
Z67634,215,140,75
Z67635,99,67,32
Z67637,1282,1173,109
Z67638,165,117,48
Z67639,131,88,43
Z67640,275,245,30
Z67642,884,774,110
Z67643,147,113,34
Z67644,210,113,97
Z67645,374,287,87
Z67646,398,308,90
Z67647,152,123,29
Z67648,325,261,64
Z67649,215,144,71
Z67650,167,105,62
Z67651,315,232,83
Z67653,173,138,35
Z67654,1639,1396,243
Z67656,85,31,54
Z67657,199,157,42
Z67658,113,87,26
Z67659,105,81,24
Z67660,35,22,13
Z67661,1742,1372,370
Z67663,1350,1141,209
Z67664,174,161,13
Z67665,2606,2281,325
Z67667,91,75,16
Z67669,933,733,200
Z67671,811,727,84
Z67672,1286,1079,207
Z67673,86,51,35
Z67674,21,21,0
Z67675,178,90,88
Z67701,2960,2677,283
Z67730,891,767,124
Z67731,332,290,42
Z67732,241,192,49
Z67733,49,49,0
Z67734,95,94,1
Z67735,2926,2605,321
Z67736,140,101,39
Z67737,266,233,33
Z67738,290,244,46
Z67739,178,111,67
Z67740,837,757,80
Z67741,129,106,23
Z67743,67,64,3
Z67744,118,95,23
Z67745,172,154,18
Z67747,100,99,1
Z67748,1164,1018,146
Z67749,1381,1147,234
Z67751,138,117,21
Z67752,620,554,66
Z67753,225,184,41
Z67756,1139,963,176
Z67757,268,236,32
Z67758,565,406,159
Z67761,105,87,18
Z67762,164,147,17
Z67764,271,226,45
Z67801,10491,9800,691
Z67831,567,462,105
Z67834,438,379,59
Z67835,1070,985,85
Z67836,98,49,49
Z67837,386,320,66
Z67838,386,359,27
Z67839,764,639,125
Z67840,76,43,33
Z67841,168,150,18
Z67842,214,184,30
Z67843,171,157,14
Z67844,363,308,55
Z67846,12198,11583,615
Z67849,194,161,33
Z67850,199,177,22
Z67851,906,831,75
Z67853,370,340,30
Z67854,776,595,181
Z67855,848,701,147
Z67857,83,63,20
Z67859,294,239,55
Z67860,1129,991,138
Z67861,720,655,65
Z67862,172,125,47
Z67863,158,119,39
Z67864,1026,884,142
Z67865,546,437,109
Z67867,637,593,44
Z67868,120,120,0
Z67869,591,541,50
Z67870,608,487,121
Z67871,2406,2222,184
Z67876,484,449,35
Z67877,972,823,149
Z67878,1026,886,140
Z67879,588,487,101
Z67880,2963,2736,227
Z67882,161,132,29
Z67901,7758,7181,577
Z67950,1099,926,173
Z67951,1999,1766,233
Z67952,267,226,41
Z67953,90,58,32
Z67954,311,237,74
Z68001,72,63,9
Z68002,873,801,72
Z68003,2155,1762,393
Z68004,444,351,93
Z68005,10242,9572,670
Z68007,3168,3036,132
Z68008,5123,4936,187
Z68010,48,18,30
Z68014,145,130,15
Z68015,491,444,47
Z68016,347,193,154
Z68017,678,605,73
Z68018,240,234,6
Z68019,229,198,31
Z68020,474,336,138
Z68022,7203,7001,202
Z68023,975,963,12
Z68025,13665,12368,1297
Z68028,4081,3923,158
Z68029,442,382,60
Z68030,375,346,29
Z68031,873,783,90
Z68033,160,155,5
Z68034,355,351,4
Z68036,208,143,65
Z68037,869,728,141
Z68038,676,579,97
Z68039,340,272,68
Z68040,164,143,21
Z68041,427,400,27
Z68042,50,32,18
Z68044,256,244,12
Z68045,838,729,109
Z68046,9893,9592,301
Z68047,746,683,63
Z68048,5414,4869,545
Z68050,378,287,91
Z68055,131,110,21
Z68057,798,721,77
Z68058,220,148,72
Z68059,1178,1139,39
Z68061,1115,932,183
Z68062,141,129,12
Z68063,159,118,41
Z68064,1672,1515,157
Z68065,637,566,71
Z68066,2282,2152,130
Z68067,413,363,50
Z68068,33,28,5
Z68069,1402,1183,219
Z68070,287,256,31
Z68071,605,511,94
Z68072,18,18,0
Z68073,734,688,46
Z68102,3743,2931,812
Z68104,15203,13687,1516
Z68105,11088,9504,1584
Z68106,9932,9494,438
Z68107,10276,9354,922
Z68108,5764,5071,693
Z68110,3371,2891,480
Z68111,9491,8038,1453
Z68112,4703,4238,465
Z68113,234,193,41
Z68114,8701,8120,581
Z68116,10878,10356,522
Z68117,3219,3132,87
Z68118,3439,3309,130
Z68122,4346,4072,274
Z68123,11918,11144,774
Z68124,6907,6513,394
Z68127,10196,9704,492
Z68128,7627,7476,151
Z68130,7649,7220,429
Z68131,6587,5510,1077
Z68132,6745,6274,471
Z68133,3384,3365,19
Z68134,13178,12320,858
Z68135,9214,8968,246
Z68136,5311,5124,187
Z68137,10559,10163,396
Z68138,4812,4606,206
Z68142,1407,1248,159
Z68144,10423,10203,220
Z68147,4098,3781,317
Z68152,2574,2455,119
Z68154,10382,9986,396
Z68157,2229,2197,32
Z68164,12015,11440,575
Z68178,0,0,0
Z68301,563,511,52
Z68303,141,121,20
Z68304,142,142,0
Z68305,2116,1732,384
Z68307,231,138,93
Z68309,47,47,0
Z68310,6920,6109,811
Z68313,368,323,45
Z68314,276,252,24
Z68315,67,55,12
Z68316,199,187,12
Z68317,661,605,56
Z68318,249,205,44
Z68319,244,228,16
Z68320,180,149,31
Z68321,209,147,62
Z68322,210,187,23
Z68323,223,120,103
Z68324,85,78,7
Z68325,164,94,70
Z68326,121,109,12
Z68327,171,145,26
Z68328,225,201,24
Z68329,300,251,49
Z68331,399,360,39
Z68332,47,47,0
Z68333,3293,3021,272
Z68335,232,199,33
Z68336,159,154,5
Z68337,170,151,19
Z68338,179,140,39
Z68339,474,443,31
Z68340,471,361,110
Z68341,437,386,51
Z68342,211,182,29
Z68343,429,367,62
Z68344,217,173,44
Z68345,157,123,34
Z68346,196,182,14
Z68347,891,843,48
Z68348,148,139,9
Z68349,503,442,61
Z68350,104,91,13
Z68351,453,364,89
Z68352,2749,2384,365
Z68354,437,367,70
Z68355,2607,2321,286
Z68357,167,153,14
Z68358,638,584,54
Z68359,715,606,109
Z68360,241,229,12
Z68361,1213,1076,137
Z68362,31,26,5
Z68364,50,43,7
Z68365,121,94,27
Z68366,445,430,15
Z68367,216,172,44
Z68368,222,190,32
Z68370,1136,1049,87
Z68371,692,633,59
Z68372,1126,1091,35
Z68375,64,50,14
Z68376,854,654,200
Z68377,219,185,34
Z68378,342,289,53
Z68379,52,42,10
Z68380,51,49,2
Z68381,100,84,16
Z68382,14,14,0
Z68401,298,265,33
Z68402,504,468,36
Z68403,88,67,21
Z68404,441,412,29
Z68405,1384,1219,165
Z68406,313,229,84
Z68407,321,298,23
Z68409,327,293,34
Z68410,3935,3610,325
Z68413,251,239,12
Z68414,156,135,21
Z68415,279,269,10
Z68416,124,98,26
Z68417,142,127,15
Z68418,516,478,38
Z68419,116,116,0
Z68420,732,621,111
Z68421,395,330,65
Z68422,214,202,12
Z68423,425,377,48
Z68424,356,322,34
Z68428,487,455,32
Z68430,625,550,75
Z68431,193,180,13
Z68433,104,84,20
Z68434,3333,3092,241
Z68436,282,256,26
Z68437,168,126,42
Z68438,59,59,0
Z68439,211,176,35
Z68440,90,61,29
Z68441,149,106,43
Z68442,193,162,31
Z68443,498,442,56
Z68444,33,24,9
Z68445,54,42,12
Z68446,1242,1152,90
Z68447,261,242,19
Z68448,179,160,19
Z68450,1151,1018,133
Z68452,60,51,9
Z68453,170,127,43
Z68454,235,228,7
Z68455,463,292,171
Z68456,480,456,24
Z68457,178,136,42
Z68458,85,70,15
Z68460,352,349,3
Z68461,195,195,0
Z68462,1580,1490,90
Z68463,660,617,43
Z68464,240,212,28
Z68465,930,808,122
Z68466,940,798,142
Z68467,4257,3799,458
Z68502,11708,11044,664
Z68503,6649,6078,571
Z68504,8247,7686,561
Z68505,7144,6911,233
Z68506,13276,12919,357
Z68507,6201,5946,255
Z68508,5290,4570,720
Z68510,10017,9522,495
Z68512,4966,4883,83
Z68514,73,73,0
Z68516,16235,15672,563
Z68517,175,175,0
Z68520,576,558,18
Z68521,13205,12656,549
Z68522,4386,4307,79
Z68523,551,493,58
Z68524,2099,1982,117
Z68526,2033,1954,79
Z68527,309,297,12
Z68528,2750,2583,167
Z68531,39,39,0
Z68532,234,234,0
Z68601,12204,11156,1048
Z68620,1357,1141,216
Z68621,247,203,44
Z68622,167,143,24
Z68623,167,140,27
Z68624,606,489,117
Z68626,320,296,24
Z68627,331,250,81
Z68628,544,366,178
Z68629,701,603,98
Z68631,186,180,6
Z68632,1744,1650,94
Z68633,600,507,93
Z68634,183,170,13
Z68635,199,183,16
Z68636,621,533,88
Z68637,283,157,126
Z68638,936,774,162
Z68640,664,599,65
Z68641,457,415,42
Z68642,727,665,62
Z68643,463,427,36
Z68644,317,309,8
Z68647,239,229,10
Z68648,312,206,106
Z68649,907,753,154
Z68651,685,592,93
Z68652,344,323,21
Z68653,309,277,32
Z68654,296,227,69
Z68655,78,58,20
Z68658,293,280,13
Z68659,96,71,25
Z68660,577,515,62
Z68661,2452,2186,266
Z68662,569,515,54
Z68663,355,312,43
Z68664,166,141,25
Z68665,448,380,68
Z68666,686,604,82
Z68667,62,62,0
Z68669,216,186,30
Z68701,12953,12242,711
Z68710,344,293,51
Z68711,119,94,25
Z68713,1041,924,117
Z68714,748,563,185
Z68715,597,552,45
Z68716,496,408,88
Z68717,129,89,40
Z68718,983,842,141
Z68719,97,55,42
Z68720,142,124,18
Z68722,309,259,50
Z68723,243,209,34
Z68724,68,53,15
Z68725,301,226,75
Z68726,373,335,38
Z68727,401,339,62
Z68728,120,93,27
Z68729,913,834,79
Z68730,1075,730,345
Z68731,1076,1039,37
Z68732,92,78,14
Z68733,617,557,60
Z68734,55,48,7
Z68735,454,381,73
Z68736,243,231,12
Z68739,1346,1205,141
Z68740,356,306,50
Z68741,315,309,6
Z68742,129,100,29
Z68743,303,241,62
Z68745,738,675,63
Z68746,402,207,195
Z68747,58,53,5
Z68748,1272,1125,147
Z68749,38,27,11
Z68751,39,24,15
Z68752,399,352,47
Z68753,47,34,13
Z68755,201,113,88
Z68756,999,846,153
Z68757,464,335,129
Z68758,638,485,153
Z68759,178,142,36
Z68760,898,549,349
Z68761,206,169,37
Z68763,2388,2144,244
Z68764,371,304,67
Z68765,622,581,41
Z68766,203,188,15
Z68767,1380,1307,73
Z68768,298,249,49
Z68769,875,737,138
Z68770,676,618,58
Z68771,696,593,103
Z68773,112,81,31
Z68774,165,145,20
Z68776,5382,5115,267
Z68777,428,338,90
Z68778,329,238,91
Z68779,1215,1013,202
Z68780,542,434,108
Z68781,707,670,37
Z68783,530,434,96
Z68784,842,769,73
Z68785,105,92,13
Z68786,498,446,52
Z68787,2620,2446,174
Z68788,2169,1981,188
Z68789,84,73,11
Z68790,340,296,44
Z68791,854,745,109
Z68792,297,171,126
Z68801,11625,11054,571
Z68803,9896,9103,793
Z68810,402,373,29
Z68812,305,267,38
Z68813,295,256,39
Z68814,510,411,99
Z68815,325,252,73
Z68816,72,72,0
Z68817,207,155,52
Z68818,2318,2154,164
Z68820,151,129,22
Z68821,99,55,44
Z68822,2269,2015,254
Z68823,1449,1011,438
Z68824,543,487,56
Z68825,524,461,63
Z68826,1858,1768,90
Z68827,271,254,17
Z68828,165,128,37
Z68831,370,310,60
Z68832,820,782,38
Z68833,226,175,51
Z68834,217,139,78
Z68835,263,234,29
Z68836,634,608,26
Z68837,64,56,8
Z68838,184,111,73
Z68840,1183,1110,73
Z68841,245,245,0
Z68842,318,227,91
Z68843,355,322,33
Z68844,113,94,19
Z68845,7830,7505,325
Z68846,143,140,3
Z68847,7518,7054,464
Z68849,0,0,0
Z68850,4261,3927,334
Z68852,310,278,32
Z68853,1097,690,407
Z68854,475,353,122
Z68855,211,185,26
Z68856,283,240,43
Z68858,145,127,18
Z68859,315,259,56
Z68860,154,137,17
Z68861,29,29,0
Z68862,1559,1338,221
Z68863,494,452,42
Z68864,602,486,116
Z68865,415,363,52
Z68866,356,338,18
Z68869,980,834,146
Z68870,221,191,30
Z68871,126,103,23
Z68872,369,339,30
Z68873,1570,1384,186
Z68874,527,434,93
Z68875,336,264,72
Z68876,693,618,75
Z68878,173,155,18
Z68879,250,170,80
Z68881,25,25,0
Z68882,263,188,75
Z68883,970,884,86
Z68901,11285,10619,666
Z68920,735,654,81
Z68922,595,548,47
Z68923,46,39,7
Z68924,491,473,18
Z68925,237,212,25
Z68926,563,441,122
Z68927,577,533,44
Z68928,223,174,49
Z68929,84,75,9
Z68930,614,568,46
Z68932,206,167,39
Z68933,448,406,42
Z68934,67,49,18
Z68935,394,293,101
Z68936,159,115,44
Z68937,1419,688,731
Z68938,276,218,58
Z68939,672,539,133
Z68940,282,253,29
Z68941,355,331,24
Z68942,274,197,77
Z68943,151,109,42
Z68944,522,431,91
Z68945,141,124,17
Z68946,25,19,6
Z68947,347,299,48
Z68948,183,132,51
Z68949,2996,2627,369
Z68950,204,186,18
Z68952,75,54,21
Z68954,35,35,0
Z68955,881,754,127
Z68956,580,501,79
Z68957,331,307,24
Z68958,262,252,10
Z68959,1812,1726,86
Z68960,123,78,45
Z68961,417,335,82
Z68964,84,55,29
Z68966,379,274,105
Z68967,592,557,35
Z68969,33,26,7
Z68970,815,641,174
Z68971,828,224,604
Z68972,117,102,15
Z68973,191,175,16
Z68974,114,91,23
Z68975,83,83,0
Z68976,122,91,31
Z68977,165,139,26
Z68978,1232,1101,131
Z68979,847,771,76
Z68980,163,146,17
Z68981,161,132,29
Z68982,332,308,24
Z69001,4512,3988,524
Z69020,224,167,57
Z69021,769,625,144
Z69022,949,731,218
Z69023,160,156,4
Z69024,634,567,67
Z69025,564,463,101
Z69026,146,103,43
Z69027,63,40,23
Z69028,329,279,50
Z69029,201,152,49
Z69030,199,149,50
Z69032,257,248,9
Z69033,1223,1101,122
Z69034,472,403,69
Z69036,61,28,33
Z69037,48,33,15
Z69038,265,217,48
Z69039,47,36,11
Z69040,402,324,78
Z69041,77,65,12
Z69042,30,22,8
Z69043,317,224,93
Z69044,553,349,204
Z69045,567,491,76
Z69046,148,82,66
Z69101,13680,12482,1198
Z69120,505,439,66
Z69121,228,163,65
Z69122,339,309,30
Z69123,490,336,154
Z69125,228,180,48
Z69127,587,422,165
Z69128,146,98,48
Z69129,662,525,137
Z69130,2505,2120,385
Z69131,265,210,55
Z69132,62,59,3
Z69133,263,191,72
Z69134,184,143,41
Z69135,73,73,0
Z69138,2120,1850,270
Z69140,920,791,129
Z69141,181,142,39
Z69142,65,44,21
Z69143,620,536,84
Z69144,75,67,8
Z69145,1584,1332,252
Z69146,707,189,518
Z69147,1008,313,695
Z69148,142,90,52
Z69149,342,292,50
Z69150,223,187,36
Z69151,406,376,30
Z69152,523,367,156
Z69153,2930,2682,248
Z69154,713,542,171
Z69155,480,421,59
Z69156,296,246,50
Z69157,18,8,10
Z69161,70,45,25
Z69162,3909,3542,367
Z69163,424,372,52
Z69165,805,733,72
Z69166,333,287,46
Z69167,188,155,33
Z69168,115,104,11
Z69169,288,251,37
Z69170,175,147,28
Z69171,6,6,0
Z69201,2127,1831,296
Z69210,1432,1271,161
Z69211,183,145,38
Z69212,128,121,7
Z69214,125,84,41
Z69216,86,65,21
Z69217,335,169,166
Z69218,150,86,64
Z69219,55,55,0
Z69220,21,12,9
Z69221,108,75,33
Z69301,4817,4304,513
Z69331,10,10,0
Z69333,147,101,46
Z69334,1026,846,180
Z69335,54,13,41
Z69336,1236,1031,205
Z69337,3015,2656,359
Z69339,1053,823,230
Z69340,81,70,11
Z69341,4719,4278,441
Z69343,1333,1053,280
Z69345,265,211,54
Z69346,414,251,163
Z69347,704,535,169
Z69348,810,630,180
Z69350,261,171,90
Z69351,102,54,48
Z69352,338,297,41
Z69353,8,8,0
Z69354,74,51,23
Z69355,54,52,2
Z69356,990,786,204
Z69357,1486,1417,69
Z69358,893,751,142
Z69360,720,582,138
Z69361,7987,7281,706
Z69365,26,26,0
Z69366,167,136,31
Z69367,117,99,18
Z70001,18879,17319,1560
Z70002,9080,8334,746
Z70003,17150,15863,1287
Z70005,12562,11340,1222
Z70006,6752,6218,534
Z70030,1869,1655,214
Z70031,544,513,31
Z70032,1960,1678,282
Z70036,530,418,112
Z70037,6401,5934,467
Z70038,221,176,45
Z70039,1012,772,240
Z70040,460,384,76
Z70041,1159,1037,122
Z70043,8077,7244,833
Z70047,4883,4517,366
Z70049,1032,944,88
Z70050,29,29,0
Z70051,974,778,196
Z70052,1425,1306,119
Z70053,7394,6276,1118
Z70056,15093,13760,1333
Z70057,1739,1524,215
Z70058,15408,13400,2008
Z70062,7278,6259,1019
Z70065,22437,19535,2902
Z70067,1037,919,118
Z70068,12676,11222,1454
Z70070,4722,4381,341
Z70071,1616,1454,162
Z70072,21173,19407,1766
Z70075,1782,1612,170
Z70076,164,118,46
Z70079,1261,1137,124
Z70080,542,500,42
Z70082,156,126,30
Z70083,1207,835,372
Z70084,2987,2562,425
Z70085,2148,1557,591
Z70086,834,705,129
Z70087,3145,2909,236
Z70090,3141,2863,278
Z70091,180,93,87
Z70092,2833,2454,379
Z70094,12918,11078,1840
Z70112,2702,1494,1208
Z70113,4861,3537,1324
Z70114,12054,9756,2298
Z70115,19152,15923,3229
Z70116,9535,6235,3300
Z70117,13598,10489,3109
Z70118,16353,13212,3141
Z70119,20861,16307,4554
Z70121,6255,5625,630
Z70122,16712,13537,3175
Z70123,13149,11956,1193
Z70124,9480,8387,1093
Z70125,7618,6008,1610
Z70126,12249,9132,3117
Z70127,10328,9018,1310
Z70128,7889,7036,853
Z70129,3985,3211,774
Z70130,10823,8061,2762
Z70131,13751,11797,1954
Z70139,0,0,0
Z70163,0,0,0
Z70301,17769,16427,1342
Z70339,3462,2537,925
Z70340,88,88,0
Z70341,1823,1506,317
Z70342,1861,1798,63
Z70343,1950,1744,206
Z70344,2466,2057,409
Z70345,4119,3608,511
Z70346,4207,3683,524
Z70352,66,66,0
Z70353,721,452,269
Z70354,1936,1613,323
Z70355,437,376,61
Z70356,945,820,125
Z70357,1529,1001,528
Z70358,2068,397,1671
Z70359,3423,3221,202
Z70360,11337,10301,1036
Z70363,9342,8604,738
Z70364,12006,11166,840
Z70372,1050,884,166
Z70373,2839,2595,244
Z70374,2918,2641,277
Z70375,28,28,0
Z70377,1782,1551,231
Z70380,10195,8825,1370
Z70390,3021,2567,454
Z70391,57,57,0
Z70392,3550,3158,392
Z70393,303,303,0
Z70394,5718,5275,443
Z70395,2062,1898,164
Z70397,522,361,161
Z70401,9337,7789,1548
Z70402,0,0,0
Z70403,11231,10113,1118
Z70420,3202,3040,162
Z70422,6134,5359,775
Z70426,2361,1836,525
Z70427,9558,7685,1873
Z70431,2195,1908,287
Z70433,14209,13018,1191
Z70435,7205,6684,521
Z70436,260,241,19
Z70437,3531,3177,354
Z70438,8068,7036,1032
Z70441,2306,1718,588
Z70442,133,78,55
Z70443,4076,3571,505
Z70444,4453,3769,684
Z70445,4838,4174,664
Z70446,2704,2526,178
Z70447,4008,3612,396
Z70448,9655,9178,477
Z70449,2175,1450,725
Z70450,1490,1246,244
Z70451,10,10,0
Z70452,5144,4367,777
Z70453,404,316,88
Z70454,11458,10126,1332
Z70455,593,450,143
Z70456,965,791,174
Z70458,15479,13784,1695
Z70460,8711,8095,616
Z70461,10973,9870,1103
Z70462,2842,2236,606
Z70463,93,91,2
Z70464,274,238,36
Z70465,286,218,68
Z70466,3291,3036,255
Z70471,8541,7974,567
Z70501,12559,11040,1519
Z70503,12008,11154,854
Z70506,19222,18039,1183
Z70507,6870,6461,409
Z70508,16638,15356,1282
Z70510,10760,9367,1393
Z70512,4079,3599,480
Z70513,181,137,44
Z70514,1068,954,114
Z70515,1367,1150,217
Z70516,435,342,93
Z70517,11015,9507,1508
Z70518,5546,5147,399
Z70519,115,115,0
Z70520,7401,6873,528
Z70523,434,312,122
Z70524,159,133,26
Z70525,5344,4740,604
Z70526,8047,6835,1212
Z70528,1084,911,173
Z70529,5008,4416,592
Z70531,569,569,0
Z70532,1184,1003,181
Z70533,2905,2621,284
Z70534,404,351,53
Z70535,7564,6633,931
Z70537,208,177,31
Z70538,6091,5138,953
Z70541,173,142,31
Z70542,1902,1436,466
Z70543,1926,1679,247
Z70544,5115,4273,842
Z70546,6792,5861,931
Z70548,4922,3869,1053
Z70549,1779,1567,212
Z70550,150,150,0
Z70552,723,664,59
Z70554,2631,2221,410
Z70555,3409,2947,462
Z70556,159,118,41
Z70558,0,0,0
Z70559,1156,924,232
Z70560,17127,14798,2329
Z70563,7444,6918,526
Z70570,16086,13838,2248
Z70575,38,38,0
Z70576,311,274,37
Z70577,2044,1644,400
Z70578,6843,6080,763
Z70580,40,40,0
Z70581,362,362,0
Z70582,8180,7002,1178
Z70583,4960,4463,497
Z70584,3349,2915,434
Z70585,85,79,6
Z70586,9185,7398,1787
Z70589,1478,1196,282
Z70591,2239,1925,314
Z70592,7826,7622,204
Z70601,15816,13532,2284
Z70605,15283,14082,1201
Z70607,11990,10529,1461
Z70611,7946,7159,787
Z70615,5257,4209,1048
Z70630,542,449,93
Z70631,386,318,68
Z70632,321,211,110
Z70633,3061,2607,454
Z70634,10801,9120,1681
Z70637,312,230,82
Z70638,341,260,81
Z70639,248,180,68
Z70640,187,168,19
Z70643,129,116,13
Z70644,86,65,21
Z70645,681,447,234
Z70646,232,185,47
Z70647,3813,3272,541
Z70648,2975,2421,554
Z70650,132,105,27
Z70651,165,90,75
Z70652,917,810,107
Z70653,1541,1338,203
Z70654,107,64,43
Z70655,1295,1142,153
Z70656,1657,1397,260
Z70657,1960,1851,109
Z70658,427,336,91
Z70659,585,501,84
Z70660,751,751,0
Z70661,1108,954,154
Z70662,251,168,83
Z70663,11430,10443,987
Z70665,4357,3887,470
Z70668,3161,2791,370
Z70669,4393,3949,444
Z70706,7709,7391,318
Z70710,1629,1513,116
Z70711,2033,1864,169
Z70712,226,179,47
Z70714,7741,7136,605
Z70715,817,535,282
Z70719,1732,1697,35
Z70721,326,313,13
Z70722,2631,2285,346
Z70723,693,630,63
Z70725,641,575,66
Z70726,21351,19507,1844
Z70729,410,381,29
Z70730,1534,1445,89
Z70732,465,438,27
Z70733,789,632,157
Z70734,2676,2608,68
Z70736,223,216,7
Z70737,16376,15098,1278
Z70739,4871,4734,137
Z70740,616,560,56
Z70743,74,74,0
Z70744,2499,2260,239
Z70747,177,90,87
Z70748,1819,1495,324
Z70749,872,597,275
Z70750,1038,686,352
Z70752,378,324,54
Z70753,436,376,60
Z70754,3809,3515,294
Z70755,919,803,116
Z70756,166,166,0
Z70757,1391,1187,204
Z70759,702,509,193
Z70760,3228,2548,680
Z70761,441,302,139
Z70762,591,346,245
Z70763,1338,1324,14
Z70764,7499,6352,1147
Z70767,6142,5628,514
Z70769,14200,13321,879
Z70770,1165,1087,78
Z70772,444,380,64
Z70773,57,42,15
Z70774,4148,3846,302
Z70775,4644,3504,1140
Z70776,978,857,121
Z70777,1979,1714,265
Z70778,1114,1072,42
Z70780,510,480,30
Z70782,208,167,41
Z70783,1536,1187,349
Z70785,8543,7711,832
Z70787,107,61,46
Z70788,1730,1565,165
Z70789,349,260,89
Z70791,9565,8859,706
Z70801,33,33,0
Z70802,13213,10556,2657
Z70803,128,73,55
Z70805,11943,10515,1428
Z70806,14607,12624,1983
Z70807,7074,5896,1178
Z70808,14552,12695,1857
Z70809,12557,11014,1543
Z70810,16841,15010,1831
Z70811,5331,4719,612
Z70812,4030,3795,235
Z70814,5732,5485,247
Z70815,12477,11202,1275
Z70816,20345,18221,2124
Z70817,12904,12157,747
Z70818,4006,3826,180
Z70819,1748,1610,138
Z70820,8944,7388,1556
Z70836,0,0,0
Z71001,2179,1835,344
Z71003,685,542,143
Z71004,284,230,54
Z71006,4866,4315,551
Z71007,527,351,176
Z71008,497,268,229
Z71016,988,743,245
Z71018,825,604,221
Z71019,3835,3208,627
Z71021,474,286,188
Z71023,1864,1311,553
Z71024,715,660,55
Z71027,678,650,28
Z71028,945,660,285
Z71029,75,65,10
Z71030,765,663,102
Z71031,636,502,134
Z71032,1061,762,299
Z71033,1668,1492,176
Z71034,187,131,56
Z71037,8331,7553,778
Z71038,2250,1792,458
Z71039,875,737,138
Z71040,3963,2790,1173
Z71043,307,216,91
Z71044,336,284,52
Z71045,369,269,100
Z71046,625,525,100
Z71047,4684,3975,709
Z71048,62,41,21
Z71049,1631,1191,440
Z71051,1268,899,369
Z71052,4892,3981,911
Z71055,9127,7699,1428
Z71060,1260,1070,190
Z71061,795,706,89
Z71063,305,224,81
Z71064,2059,1544,515
Z71065,625,413,212
Z71067,1405,1370,35
Z71068,1971,1515,456
Z71069,328,219,109
Z71070,1034,776,258
Z71071,1244,969,275
Z71072,696,536,160
Z71073,1228,1001,227
Z71075,3131,2527,604
Z71078,2393,2243,150
Z71079,143,143,0
Z71082,2501,2139,362
Z71101,4369,3315,1054
Z71103,3608,2854,754
Z71104,7297,5900,1397
Z71105,11304,10073,1231
Z71106,14798,13024,1774
Z71107,13271,11637,1634
Z71108,7724,6589,1135
Z71109,9735,8238,1497
Z71110,961,834,127
Z71111,18448,16626,1822
Z71112,13847,12568,1279
Z71115,7453,6707,746
Z71118,11023,10399,624
Z71119,4864,4476,388
Z71129,5856,5292,564
Z71201,10016,8947,1069
Z71202,10502,8909,1593
Z71203,15594,13790,1804
Z71209,0,0,0
Z71219,508,491,17
Z71220,10336,8859,1477
Z71222,1704,1236,468
Z71223,293,166,127
Z71225,2804,2649,155
Z71226,1057,749,308
Z71227,1836,1500,336
Z71229,574,487,87
Z71232,2941,2404,537
Z71233,114,91,23
Z71234,2046,1595,451
Z71235,2027,1663,364
Z71237,616,527,89
Z71238,1316,1233,83
Z71241,4727,3585,1142
Z71243,101,76,25
Z71245,1713,1444,269
Z71247,613,453,160
Z71250,140,34,106
Z71251,4019,3227,792
Z71253,127,107,20
Z71254,2704,2325,379
Z71256,389,335,54
Z71259,806,650,156
Z71260,1759,1267,492
Z71261,796,630,166
Z71263,3664,3126,538
Z71264,535,431,104
Z71266,737,601,136
Z71268,1248,1018,230
Z71269,5067,4596,471
Z71270,13509,12045,1464
Z71272,0,0,0
Z71275,1230,952,278
Z71276,149,117,32
Z71277,847,625,222
Z71279,31,31,0
Z71280,1689,1435,254
Z71282,4448,3744,704
Z71286,287,220,67
Z71291,14751,13319,1432
Z71292,9574,7761,1813
Z71295,6096,4963,1133
Z71301,9763,7931,1832
Z71302,6819,5736,1083
Z71303,9317,7912,1405
Z71316,22,22,0
Z71322,3093,2602,491
Z71323,343,318,25
Z71325,550,392,158
Z71326,570,425,145
Z71327,1825,1476,349
Z71328,3031,2678,353
Z71331,486,413,73
Z71333,310,306,4
Z71334,4083,3479,604
Z71336,806,660,146
Z71339,6,6,0
Z71340,550,366,184
Z71341,1396,1162,234
Z71342,3552,3085,467
Z71343,3688,3051,637
Z71345,51,51,0
Z71346,1397,1077,320
Z71350,1968,1747,221
Z71351,5012,3955,1057
Z71353,858,727,131
Z71354,969,809,160
Z71355,1505,1266,239
Z71356,348,231,117
Z71357,1517,776,741
Z71358,545,465,80
Z71360,14927,12763,2164
Z71362,925,652,273
Z71366,1267,724,543
Z71367,783,513,270
Z71368,849,575,274
Z71369,1322,1045,277
Z71371,905,823,82
Z71373,3400,2770,630
Z71375,583,415,168
Z71377,52,52,0
Z71378,1143,945,198
Z71401,114,68,46
Z71403,1822,1499,323
Z71404,341,267,74
Z71405,2253,2162,91
Z71406,119,106,13
Z71407,432,363,69
Z71409,2926,2392,534
Z71410,64,47,17
Z71411,1483,1039,444
Z71414,74,58,16
Z71416,471,367,104
Z71417,2301,1787,514
Z71418,3484,2513,971
Z71419,1430,1038,392
Z71422,778,636,142
Z71423,1926,1592,334
Z71424,574,462,112
Z71425,116,81,35
Z71426,98,79,19
Z71427,248,126,122
Z71429,1790,1032,758
Z71430,1163,846,317
Z71432,514,441,73
Z71433,1815,1562,253
Z71435,1782,1371,411
Z71438,665,613,52
Z71439,862,685,177
Z71441,338,278,60
Z71446,10772,8830,1942
Z71447,573,429,144
Z71449,5967,3633,2334
Z71450,485,367,118
Z71452,44,29,15
Z71454,1410,944,466
Z71455,75,51,24
Z71456,777,393,384
Z71457,12725,10385,2340
Z71459,3822,3110,712
Z71461,1069,942,127
Z71462,768,478,290
Z71463,3891,3229,662
Z71465,1337,1074,263
Z71466,201,159,42
Z71467,2277,1935,342
Z71468,541,383,158
Z71469,1374,992,382
Z71472,169,103,66
Z71473,384,188,196
Z71474,334,243,91
Z71479,400,314,86
Z71480,291,202,89
Z71483,4909,3720,1189
Z71485,904,806,98
Z71486,3117,2132,985
Z71601,7497,5916,1581
Z71602,7317,6443,874
Z71603,15141,13247,1894
Z71630,344,277,67
Z71631,311,249,62
Z71635,5827,4789,1038
Z71638,1690,1323,367
Z71639,3010,2556,454
Z71640,1545,1304,241
Z71642,385,231,154
Z71643,574,417,157
Z71644,512,409,103
Z71646,2940,2582,358
Z71647,1166,751,415
Z71651,145,67,78
Z71652,683,523,160
Z71653,2460,2069,391
Z71654,2193,1846,347
Z71655,6746,5911,835
Z71658,294,254,40
Z71659,60,60,0
Z71660,414,295,119
Z71661,193,151,42
Z71662,96,89,7
Z71663,287,249,38
Z71665,2673,2281,392
Z71666,20,20,0
Z71667,3525,3046,479
Z71670,707,559,148
Z71671,4274,3602,672
Z71674,331,263,68
Z71675,966,849,117
Z71676,449,262,187
Z71677,76,70,6
Z71701,9890,8137,1753
Z71711,16,3,13
Z71720,1069,924,145
Z71722,45,36,9
Z71724,231,179,52
Z71725,413,249,164
Z71726,1042,656,386
Z71730,14836,12810,2026
Z71740,707,563,144
Z71742,3021,2452,569
Z71743,2152,1620,532
Z71744,1840,1326,514
Z71745,175,130,45
Z71747,683,358,325
Z71749,1052,922,130
Z71751,520,387,133
Z71752,616,406,210
Z71753,7767,6561,1206
Z71758,308,219,89
Z71759,297,251,46
Z71762,1126,908,218
Z71763,851,581,270
Z71764,1150,862,288
Z71765,1201,938,263
Z71766,299,256,43
Z71770,1897,1521,376
Z71772,7,2,5
Z71801,7446,5795,1651
Z71820,66,43,23
Z71822,4240,3606,634
Z71823,27,22,5
Z71825,287,263,24
Z71826,637,467,170
Z71827,432,245,187
Z71832,3945,3627,318
Z71833,1055,813,242
Z71834,686,583,103
Z71835,704,553,151
Z71836,1529,1255,274
Z71837,2023,1810,213
Z71838,534,371,163
Z71839,191,123,68
Z71841,456,352,104
Z71842,1008,821,187
Z71845,1140,786,354
Z71846,1460,1267,193
Z71847,248,234,14
Z71851,1078,846,232
Z71852,4445,3606,839
Z71853,126,111,15
Z71854,16475,14444,2031
Z71855,508,235,273
Z71857,2655,2148,507
Z71858,1108,804,304
Z71859,309,174,135
Z71860,1639,1181,458
Z71861,1329,847,482
Z71862,389,174,215
Z71865,87,66,21
Z71866,399,163,236
Z71901,14539,11849,2690
Z71909,8988,7374,1614
Z71913,24235,19190,5045
Z71921,1653,1363,290
Z71922,75,50,25
Z71923,6918,5976,942
Z71929,2013,1661,352
Z71933,451,360,91
Z71935,415,290,125
Z71937,971,729,242
Z71940,928,767,161
Z71941,1018,781,237
Z71943,2182,1822,360
Z71944,379,265,114
Z71945,586,547,39
Z71949,1354,1025,329
Z71950,653,445,208
Z71952,99,71,28
Z71953,7490,5903,1587
Z71956,795,674,121
Z71957,2423,1411,1012
Z71958,1305,911,394
Z71959,324,262,62
Z71960,795,629,166
Z71961,505,386,119
Z71962,513,465,48
Z71964,1508,1422,86
Z71965,140,101,39
Z71968,2423,1625,798
Z71969,228,174,54
Z71970,567,342,225
Z71971,243,204,39
Z71972,103,78,25
Z71973,589,466,123
Z71998,0,0,0
Z71999,0,0,0
Z72001,272,183,89
Z72002,6122,5442,680
Z72003,438,333,105
Z72004,635,461,174
Z72005,81,78,3
Z72006,1540,1162,378
Z72007,2803,2540,263
Z72010,3075,2607,468
Z72011,1557,1513,44
Z72012,5106,4710,396
Z72013,1250,848,402
Z72014,51,35,16
Z72015,11361,10479,882
Z72016,1395,1192,203
Z72017,486,388,98
Z72019,9544,8901,643
Z72020,1857,1641,216
Z72021,2252,1718,534
Z72022,7062,6528,534
Z72023,14339,13512,827
Z72024,1612,1349,263
Z72025,302,266,36
Z72026,182,124,58
Z72027,708,637,71
Z72029,879,757,122
Z72030,403,291,112
Z72031,3544,2697,847
Z72032,13743,11911,1832
Z72034,20048,18279,1769
Z72035,0,0,0
Z72036,571,334,237
Z72037,24,15,9
Z72038,25,25,0
Z72039,915,849,66
Z72040,1436,1249,187
Z72041,811,612,199
Z72042,2433,2009,424
Z72044,751,321,430
Z72045,441,441,0
Z72046,2023,1825,198
Z72047,355,311,44
Z72048,30,17,13
Z72051,332,268,64
Z72055,506,359,147
Z72057,468,367,101
Z72058,6436,5556,880
Z72059,25,25,0
Z72060,206,178,28
Z72061,64,40,24
Z72063,723,637,86
Z72064,1246,1145,101
Z72065,2103,1816,287
Z72067,2864,1181,1683
Z72068,194,187,7
Z72069,1090,697,393
Z72070,1015,721,294
Z72072,169,151,18
Z72073,575,461,114
Z72074,123,73,50
Z72076,16962,14528,2434
Z72079,348,279,69
Z72080,294,193,101
Z72081,3221,2803,418
Z72082,986,888,98
Z72083,96,88,8
Z72084,698,564,134
Z72085,109,83,26
Z72086,4258,3826,432
Z72087,1081,909,172
Z72088,2366,1224,1142
Z72099,0,0,0
Z72101,1496,1220,276
Z72102,1234,1034,200
Z72103,5433,4769,664
Z72104,9806,8521,1285
Z72106,2433,2172,261
Z72107,235,132,103
Z72108,32,32,0
Z72110,5069,4327,742
Z72111,430,378,52
Z72112,4357,3457,900
Z72113,9737,9091,646
Z72114,6492,5067,1425
Z72116,10358,9381,977
Z72117,5759,4998,761
Z72118,10180,8574,1606
Z72119,0,0,0
Z72120,13465,12411,1054
Z72121,1554,1241,313
Z72122,262,262,0
Z72123,195,175,20
Z72125,389,337,52
Z72126,1817,1412,405
Z72127,1095,1043,52
Z72128,328,308,20
Z72129,624,564,60
Z72130,280,194,86
Z72131,2410,1853,557
Z72132,1490,1299,191
Z72134,174,145,29
Z72135,1102,1038,64
Z72136,688,615,73
Z72137,1101,923,178
Z72139,118,97,21
Z72140,245,174,71
Z72141,356,179,177
Z72142,1253,1062,191
Z72143,14663,13249,1414
Z72149,0,0,0
Z72150,5169,4552,617
Z72152,178,148,30
Z72153,1558,1086,472
Z72156,309,309,0
Z72157,633,537,96
Z72160,5184,4446,738
Z72165,15,15,0
Z72166,250,127,123
Z72167,644,547,97
Z72168,245,127,118
Z72169,99,82,17
Z72170,91,91,0
Z72173,3652,3359,293
Z72175,171,136,35
Z72176,3539,3180,359
Z72179,217,202,15
Z72181,16,16,0
Z72201,811,633,178
Z72202,6434,5081,1353
Z72204,14680,11671,3009
Z72205,11644,10486,1158
Z72206,11794,9381,2413
Z72207,5443,4760,683
Z72209,14055,11094,2961
Z72210,7276,6277,999
Z72211,11132,9325,1807
Z72212,5172,4974,198
Z72223,9092,8470,622
Z72227,5930,4969,961
Z72301,11323,9637,1686
Z72311,74,58,16
Z72315,11549,9355,2194
Z72320,72,43,29
Z72321,62,57,5
Z72322,115,115,0
Z72324,898,883,15
Z72325,18,13,5
Z72326,966,874,92
Z72327,744,606,138
Z72328,41,13,28
Z72329,62,49,13
Z72330,254,218,36
Z72331,1381,1119,262
Z72332,25,23,2
Z72333,382,311,71
Z72335,7067,5961,1106
Z72338,0,0,0
Z72339,83,72,11
Z72340,23,23,0
Z72341,113,80,33
Z72342,2813,1954,859
Z72346,295,250,45
Z72347,418,305,113
Z72348,1557,1146,411
Z72350,548,482,66
Z72351,272,213,59
Z72353,60,35,25
Z72354,1102,920,182
Z72355,1140,1010,130
Z72358,609,440,169
Z72359,285,234,51
Z72360,3054,2570,484
Z72364,6153,5533,620
Z72365,1475,1294,181
Z72366,1128,896,232
Z72367,68,50,18
Z72368,696,581,115
Z72370,3471,3047,424
Z72372,943,837,106
Z72373,687,534,153
Z72374,405,371,34
Z72376,874,731,143
Z72377,7,7,0
Z72379,73,45,28
Z72383,39,39,0
Z72384,358,293,65
Z72386,787,724,63
Z72389,128,123,5
Z72390,4088,3423,665
Z72392,253,214,39
Z72394,355,322,33
Z72395,459,410,49
Z72396,5751,5125,626
Z72401,23676,21406,2270
Z72404,10350,9710,640
Z72410,224,183,41
Z72411,1034,917,117
Z72412,310,310,0
Z72413,242,194,48
Z72414,206,148,58
Z72415,553,456,97
Z72416,2748,2293,455
Z72417,1732,1556,176
Z72419,748,623,125
Z72421,227,205,22
Z72422,2729,2185,544
Z72424,37,27,10
Z72425,194,156,38
Z72426,101,90,11
Z72427,88,75,13
Z72428,37,28,9
Z72429,171,137,34
Z72430,156,144,12
Z72431,226,193,33
Z72432,2676,2100,576
Z72433,1350,1212,138
Z72434,1093,863,230
Z72435,233,182,51
Z72436,359,315,44
Z72437,1420,1314,106
Z72438,1006,865,141
Z72440,124,87,37
Z72441,35,32,3
Z72442,1917,1736,181
Z72443,1298,1143,155
Z72444,889,650,239
Z72445,44,39,5
Z72447,885,794,91
Z72449,138,105,33
Z72450,15605,14394,1211
Z72453,132,75,57
Z72454,2561,2167,394
Z72455,5686,5161,525
Z72456,217,189,28
Z72457,81,81,0
Z72458,534,362,172
Z72459,866,655,211
Z72460,459,341,118
Z72461,1815,1531,284
Z72462,211,167,44
Z72464,34,21,13
Z72466,800,569,231
Z72467,0,0,0
Z72469,587,504,83
Z72470,144,105,39
Z72471,528,454,74
Z72472,4218,3689,529
Z72473,1264,1134,130
Z72476,2893,2621,272
Z72478,207,160,47
Z72479,772,684,88
Z72482,924,511,413
Z72501,11113,9827,1286
Z72512,1466,1156,310
Z72513,1233,1104,129
Z72515,32,14,18
Z72517,173,152,21
Z72519,1496,995,501
Z72520,121,121,0
Z72521,2332,1973,359
Z72522,196,196,0
Z72523,578,492,86
Z72524,165,121,44
Z72526,100,89,11
Z72527,192,192,0
Z72528,24,24,0
Z72529,2959,2038,921
Z72530,1189,612,577
Z72531,724,356,368
Z72532,932,687,245
Z72533,255,189,66
Z72534,725,628,97
Z72536,159,148,11
Z72537,446,235,211
Z72538,216,158,58
Z72539,112,84,28
Z72540,149,129,20
Z72542,2690,1638,1052
Z72543,6845,4767,2078
Z72544,814,229,585
Z72546,79,79,0
Z72550,354,327,27
Z72553,25,20,5
Z72554,1534,1247,287
Z72555,83,56,27
Z72556,1840,1334,506
Z72560,5059,3736,1323
Z72561,455,372,83
Z72562,1079,949,130
Z72564,328,310,18
Z72565,388,297,91
Z72566,342,251,91
Z72567,122,98,24
Z72568,612,473,139
Z72569,168,133,35
Z72571,132,132,0
Z72572,83,59,24
Z72573,93,58,35
Z72576,2231,1841,390
Z72577,256,190,66
Z72578,95,95,0
Z72579,646,500,146
Z72581,670,476,194
Z72583,815,742,73
Z72584,399,338,61
Z72585,138,114,24
Z72587,108,108,0
Z72601,13371,12041,1330
Z72611,586,541,45
Z72616,4253,3708,545
Z72617,141,124,17
Z72619,1255,946,309
Z72623,369,270,99
Z72624,285,151,134
Z72626,755,549,206
Z72628,456,314,142
Z72629,412,224,188
Z72630,140,79,61
Z72631,2890,2078,812
Z72632,2628,2035,593
Z72633,854,761,93
Z72634,2173,1746,427
Z72635,1470,1335,135
Z72636,26,11,15
Z72638,3185,2653,532
Z72639,496,253,243
Z72640,232,113,119
Z72641,1492,1122,370
Z72642,1191,924,267
Z72644,1469,1140,329
Z72645,1208,787,421
Z72648,394,279,115
Z72650,2440,1593,847
Z72651,816,735,81
Z72653,14653,12542,2111
Z72655,310,185,125
Z72658,1222,910,312
Z72660,233,226,7
Z72661,307,157,150
Z72662,1433,1190,243
Z72663,205,180,25
Z72666,205,101,104
Z72668,508,271,237
Z72669,42,27,15
Z72670,75,59,16
Z72672,126,101,25
Z72675,829,578,251
Z72677,243,201,42
Z72679,34,21,13
Z72680,441,353,88
Z72682,193,193,0
Z72683,112,112,0
Z72685,629,476,153
Z72686,121,73,48
Z72687,3257,2358,899
Z72701,17743,15950,1793
Z72703,15406,14228,1178
Z72704,10445,9436,1009
Z72712,18293,16686,1607
Z72714,5655,4864,791
Z72715,8068,7073,995
Z72717,446,338,108
Z72718,719,685,34
Z72719,3479,3374,105
Z72721,230,209,21
Z72722,1276,1133,143
Z72727,2447,2269,178
Z72729,109,75,34
Z72730,3480,3296,184
Z72732,2643,1655,988
Z72734,2956,2689,267
Z72736,2442,2212,230
Z72738,1076,992,84
Z72739,202,123,79
Z72740,4237,3544,693
Z72742,314,222,92
Z72744,2333,1997,336
Z72745,4703,4301,402
Z72747,50,50,0
Z72749,39,30,9
Z72751,2653,2286,367
Z72752,198,157,41
Z72753,3197,2941,256
Z72756,16966,14618,2348
Z72758,14168,13178,990
Z72760,254,154,100
Z72761,8455,7495,960
Z72762,14046,12998,1048
Z72764,19149,17836,1313
Z72768,692,436,256
Z72769,277,277,0
Z72773,442,412,30
Z72774,2674,2372,302
Z72776,379,288,91
Z72801,7354,6478,876
Z72802,8938,7954,984
Z72821,958,805,153
Z72823,2654,2235,419
Z72824,696,545,151
Z72826,11,11,0
Z72827,66,43,23
Z72828,38,38,0
Z72830,6417,5848,569
Z72832,486,413,73
Z72833,1852,1384,468
Z72834,4510,4020,490
Z72835,413,364,49
Z72837,3444,2961,483
Z72838,82,49,33
Z72839,190,155,35
Z72840,867,824,43
Z72841,100,72,28
Z72842,634,447,187
Z72843,1128,936,192
Z72845,577,535,42
Z72846,1661,1509,152
Z72847,1191,1089,102
Z72851,374,288,86
Z72852,103,76,27
Z72853,995,753,242
Z72854,639,379,260
Z72855,2972,2366,606
Z72856,285,205,80
Z72857,917,473,444
Z72858,1351,1256,95
Z72860,245,199,46
Z72863,671,525,146
Z72865,586,527,59
Z72901,10251,8827,1424
Z72903,12864,11561,1303
Z72904,8593,7397,1196
Z72908,6246,5582,664
Z72916,3071,2884,187
Z72921,5608,5170,438
Z72923,2176,1951,225
Z72926,320,271,49
Z72927,3864,3503,361
Z72928,238,200,38
Z72930,219,152,67
Z72932,922,823,99
Z72933,2002,1820,182
Z72934,499,310,189
Z72935,256,202,54
Z72936,5862,5268,594
Z72937,1619,1426,193
Z72938,676,612,64
Z72940,1074,991,83
Z72941,2174,2039,135
Z72943,1190,959,231
Z72944,1175,996,179
Z72945,108,80,28
Z72946,1733,1443,290
Z72947,2203,1847,356
Z72948,203,139,64
Z72949,4426,3714,712
Z72950,214,145,69
Z72951,502,441,61
Z72952,1193,1187,6
Z72955,236,131,105
Z72956,14053,12816,1237
Z72958,3625,2797,828
Z72959,1100,1034,66
Z73002,483,386,97
Z73003,8958,8396,562
Z73004,350,311,39
Z73005,3970,3213,757
Z73006,1686,1352,334
Z73007,1074,845,229
Z73008,8729,7774,955
Z73009,582,447,135
Z73010,7049,6349,700
Z73011,221,179,42
Z73012,11170,10654,516
Z73013,19047,18019,1028
Z73014,734,649,85
Z73015,1484,1070,414
Z73016,713,605,108
Z73017,817,642,175
Z73018,9281,7872,1409
Z73019,0,0,0
Z73020,8742,8171,571
Z73021,206,167,39
Z73024,293,267,26
Z73025,4376,4189,187
Z73026,4352,4033,319
Z73027,846,632,214
Z73028,1726,1363,363
Z73029,821,651,170
Z73030,1865,1577,288
Z73032,132,94,38
Z73033,195,155,40
Z73034,16761,15716,1045
Z73036,7407,6415,992
Z73038,1209,765,444
Z73040,819,643,176
Z73041,243,145,98
Z73042,503,379,124
Z73043,94,63,31
Z73044,8557,7553,1004
Z73045,4112,3739,373
Z73047,1962,1388,574
Z73048,1000,773,227
Z73049,2411,2136,275
Z73050,40,28,12
Z73051,3025,2674,351
Z73052,2921,2558,363
Z73053,348,279,69
Z73054,1636,1434,202
Z73055,4488,3900,588
Z73056,256,208,48
Z73057,1089,948,141
Z73058,133,114,19
Z73059,1194,996,198
Z73061,733,679,54
Z73062,807,593,214
Z73063,282,258,24
Z73064,8179,7831,348
Z73065,2777,2636,141
Z73066,139,101,38
Z73067,967,838,129
Z73068,4732,4215,517
Z73069,11646,9917,1729
Z73071,17935,15760,2175
Z73072,18275,16340,1935
Z73073,282,266,16
Z73074,524,405,119
Z73075,4434,3522,912
Z73077,3376,2925,451
Z73078,3007,2891,116
Z73079,280,223,57
Z73080,3972,3625,347
Z73082,1310,1025,285
Z73084,3063,2734,329
Z73086,4400,3364,1036
Z73089,4238,4048,190
Z73090,394,373,21
Z73092,469,386,83
Z73093,1079,979,100
Z73095,855,749,106
Z73096,5923,5239,684
Z73097,79,59,20
Z73098,2173,1767,406
Z73099,23431,22072,1359
Z73102,1255,1055,200
Z73103,2912,2400,512
Z73104,1225,1041,184
Z73105,3556,2833,723
Z73106,5495,4462,1033
Z73107,12444,10827,1617
Z73108,5532,4592,940
Z73109,8193,6969,1224
Z73110,15800,14294,1506
Z73111,6211,4850,1361
Z73112,16380,14658,1722
Z73114,8252,7158,1094
Z73115,9403,8573,830
Z73116,5000,4519,481
Z73117,3026,2393,633
Z73118,7366,6180,1186
Z73119,11422,9978,1444
Z73120,19459,17805,1654
Z73121,1474,1313,161
Z73122,5864,5235,629
Z73127,11299,8943,2356
Z73128,1824,1553,271
Z73129,7263,6179,1084
Z73130,8610,7913,697
Z73131,1535,1361,174
Z73132,12279,10951,1328
Z73134,3089,2379,710
Z73135,8646,7717,929
Z73139,8170,7514,656
Z73141,1222,1051,171
Z73142,5887,5398,489
Z73145,539,465,74
Z73149,2035,1840,195
Z73150,1785,1582,203
Z73151,542,530,12
Z73159,12744,11741,1003
Z73160,22516,21200,1316
Z73162,12402,11676,726
Z73165,2303,2151,152
Z73169,790,712,78
Z73170,13771,13342,429
Z73173,586,552,34
Z73179,1430,1280,150
Z73401,15443,13152,2291
Z73425,34,26,8
Z73430,727,411,316
Z73432,439,351,88
Z73433,1275,1067,208
Z73434,249,182,67
Z73437,30,27,3
Z73438,2013,1407,606
Z73439,6205,3002,3203
Z73440,176,102,74
Z73441,92,71,21
Z73442,211,162,49
Z73443,1575,1364,211
Z73444,110,87,23
Z73446,3641,2861,780
Z73447,495,401,94
Z73448,2709,2009,700
Z73449,1623,1075,548
Z73450,616,529,87
Z73453,253,198,55
Z73455,307,225,82
Z73456,1046,773,273
Z73458,410,312,98
Z73459,489,361,128
Z73460,2369,1945,424
Z73461,344,240,104
Z73463,1559,1277,282
Z73481,480,397,83
Z73487,111,73,38
Z73491,313,286,27
Z73501,8860,7164,1696
Z73503,1711,1458,253
Z73505,21844,18633,3211
Z73507,10669,8824,1845
Z73520,67,56,11
Z73521,9875,8409,1466
Z73526,973,847,126
Z73527,2097,1925,172
Z73528,281,232,49
Z73529,2508,2129,379
Z73530,278,229,49
Z73531,211,167,44
Z73532,258,207,51
Z73533,13147,11369,1778
Z73537,349,272,77
Z73538,2316,2120,196
Z73539,122,95,27
Z73540,224,165,59
Z73541,1166,981,185
Z73542,2303,1706,597
Z73543,687,564,123
Z73544,165,134,31
Z73546,618,452,166
Z73547,832,689,143
Z73548,312,221,91
Z73549,139,109,30
Z73550,1259,962,297
Z73551,26,10,16
Z73552,696,553,143
Z73553,23,19,4
Z73554,1697,1358,339
Z73555,115,88,27
Z73556,87,67,20
Z73557,225,119,106
Z73559,328,279,49
Z73560,381,247,134
Z73562,405,304,101
Z73564,386,238,148
Z73565,609,413,196
Z73566,945,715,230
Z73567,330,264,66
Z73568,657,455,202
Z73569,325,208,117
Z73570,606,484,122
Z73571,100,68,32
Z73572,1659,1441,218
Z73573,1295,1007,288
Z73601,4384,3529,855
Z73620,427,339,88
Z73622,105,84,21
Z73624,916,765,151
Z73625,392,261,131
Z73626,523,390,133
Z73627,299,217,82
Z73628,746,545,201
Z73632,1629,1411,218
Z73638,124,96,28
Z73639,294,234,60
Z73641,375,295,80
Z73642,119,83,36
Z73644,6582,5094,1488
Z73645,756,565,191
Z73646,234,184,50
Z73647,345,291,54
Z73650,454,292,162
Z73651,2051,1727,324
Z73654,428,304,124
Z73655,621,373,248
Z73658,128,80,48
Z73659,96,76,20
Z73660,247,182,65
Z73661,197,170,27
Z73662,2360,1819,541
Z73663,574,440,134
Z73664,556,468,88
Z73666,108,76,32
Z73667,368,253,115
Z73669,756,646,110
Z73673,212,124,88
Z73701,10365,8965,1400
Z73703,13001,11892,1109
Z73705,0,0,0
Z73716,269,204,65
Z73717,3213,2570,643
Z73718,273,253,20
Z73719,36,16,20
Z73720,119,105,14
Z73722,221,193,28
Z73724,675,367,308
Z73726,305,250,55
Z73727,89,89,0
Z73728,1078,829,249
Z73729,304,244,60
Z73730,322,268,54
Z73731,73,46,27
Z73733,111,100,11
Z73734,361,294,67
Z73735,286,268,18
Z73736,232,203,29
Z73737,1719,1430,289
Z73738,516,428,88
Z73739,182,146,36
Z73741,392,322,70
Z73742,1667,1517,150
Z73743,69,67,2
Z73744,106,84,22
Z73746,4,4,0
Z73747,146,139,7
Z73749,364,199,165
Z73750,3055,2789,266
Z73753,155,140,15
Z73754,541,469,72
Z73755,565,375,190
Z73756,179,115,64
Z73757,83,76,7
Z73758,105,51,54
Z73759,815,674,141
Z73760,189,179,10
Z73761,231,204,27
Z73762,888,806,82
Z73763,792,660,132
Z73764,74,47,27
Z73766,565,490,75
Z73768,618,534,84
Z73771,284,222,62
Z73772,1813,1468,345
Z73773,793,704,89
Z73801,6698,5590,1108
Z73832,515,408,107
Z73834,852,732,120
Z73835,205,123,82
Z73838,220,157,63
Z73840,344,302,42
Z73841,258,184,74
Z73842,291,194,97
Z73843,502,379,123
Z73844,156,108,48
Z73848,1070,744,326
Z73851,51,33,18
Z73852,1130,947,183
Z73853,278,185,93
Z73855,78,49,29
Z73857,344,278,66
Z73858,905,621,284
Z73859,713,639,74
Z73860,924,641,283
Z73901,66,35,31
Z73931,276,221,55
Z73932,1119,846,273
Z73933,1051,698,353
Z73937,126,85,41
Z73938,293,237,56
Z73939,609,474,135
Z73942,4941,4562,379
Z73944,241,170,71
Z73945,1268,1089,179
Z73946,63,31,32
Z73947,307,175,132
Z73949,748,548,200
Z73950,696,529,167
Z73951,459,401,58
Z74001,185,155,30
Z74002,968,805,163
Z74003,7103,5928,1175
Z74006,11710,10762,948
Z74008,9508,8788,720
Z74010,4569,3852,717
Z74011,10392,9819,573
Z74012,23235,21782,1453
Z74014,13688,12943,745
Z74015,3554,3261,293
Z74016,2599,2260,339
Z74017,12041,11076,965
Z74019,7412,6963,449
Z74020,3380,2801,579
Z74021,7237,6862,375
Z74022,856,780,76
Z74023,5191,4323,868
Z74026,436,357,79
Z74027,474,378,96
Z74028,775,656,119
Z74029,2306,2055,251
Z74030,1758,1462,296
Z74032,1058,870,188
Z74033,3829,3574,255
Z74034,65,53,12
Z74035,1708,1394,314
Z74036,2751,2499,252
Z74037,6120,5732,388
Z74038,943,826,117
Z74039,1581,1415,166
Z74041,940,847,93
Z74042,205,165,40
Z74044,3217,2807,410
Z74045,199,158,41
Z74046,48,37,11
Z74047,2827,2453,374
Z74048,2780,2357,423
Z74050,150,127,23
Z74051,906,808,98
Z74052,603,466,137
Z74053,1753,1633,120
Z74054,448,295,153
Z74055,15990,15182,808
Z74056,2938,2351,587
Z74058,2091,1623,468
Z74059,2248,2091,157
Z74060,310,250,60
Z74061,927,836,91
Z74062,540,424,116
Z74063,12868,11665,1203
Z74066,13328,11911,1417
Z74068,31,19,12
Z74070,5726,5162,564
Z74071,52,40,12
Z74072,858,738,120
Z74073,2424,2160,264
Z74074,13007,11447,1560
Z74075,11731,10394,1337
Z74078,0,0,0
Z74079,2136,1837,299
Z74080,1241,1158,83
Z74081,802,658,144
Z74082,28,27,1
Z74083,484,411,73
Z74084,329,253,76
Z74085,1199,973,226
Z74103,263,241,22
Z74104,6439,5605,834
Z74105,14617,12611,2006
Z74106,8690,7151,1539
Z74107,9159,8070,1089
Z74108,2980,2690,290
Z74110,6218,5046,1172
Z74112,10409,9169,1240
Z74114,8292,7263,1029
Z74115,9456,8184,1272
Z74116,1787,1438,349
Z74117,58,48,10
Z74119,2990,2521,469
Z74120,2978,2418,560
Z74126,4770,3578,1192
Z74127,7808,6790,1018
Z74128,5105,4502,603
Z74129,7923,7174,749
Z74130,904,721,183
Z74131,1259,1150,109
Z74132,3649,3312,337
Z74133,20619,19073,1546
Z74134,6536,5858,678
Z74135,10982,9853,1129
Z74136,15873,13755,2118
Z74137,11698,10801,897
Z74145,8455,7716,739
Z74146,6109,5523,586
Z74301,5542,4440,1102
Z74330,1331,1131,200
Z74331,6247,2927,3320
Z74332,821,638,183
Z74333,528,392,136
Z74337,2285,1990,295
Z74338,2301,1936,365
Z74339,1118,937,181
Z74340,211,113,98
Z74342,2435,1149,1286
Z74343,1465,1199,266
Z74344,8616,6440,2176
Z74346,3824,2940,884
Z74347,1264,934,330
Z74349,274,143,131
Z74350,444,337,107
Z74352,3024,2431,593
Z74354,7942,6938,1004
Z74358,107,76,31
Z74359,258,224,34
Z74360,26,9,17
Z74361,7408,6359,1049
Z74363,1130,1025,105
Z74364,716,600,116
Z74365,2265,1800,465
Z74366,794,594,200
Z74367,287,175,112
Z74368,45,33,12
Z74369,860,721,139
Z74370,1688,1357,331
Z74401,8078,6701,1377
Z74403,13767,11877,1890
Z74421,1993,1812,181
Z74422,356,262,94
Z74423,414,351,63
Z74425,777,476,301
Z74426,5979,3883,2096
Z74427,1279,393,886
Z74428,523,462,61
Z74429,5570,5123,447
Z74430,245,191,54
Z74431,367,317,50
Z74432,7464,4481,2983
Z74434,3798,3383,415
Z74435,1857,1203,654
Z74436,2161,1812,349
Z74437,4806,3895,911
Z74438,70,53,17
Z74441,2287,1847,440
Z74442,432,356,76
Z74445,1293,1188,105
Z74446,238,222,16
Z74447,7971,6569,1402
Z74450,799,730,69
Z74451,2371,1460,911
Z74452,178,151,27
Z74454,1372,1254,118
Z74455,2196,1287,909
Z74456,79,60,19
Z74457,272,173,99
Z74458,36,27,9
Z74459,75,39,36
Z74460,120,102,18
Z74462,4300,2968,1332
Z74463,112,87,25
Z74464,13099,10603,2496
Z74467,7242,5964,1278
Z74468,104,91,13
Z74469,960,837,123
Z74470,827,695,132
Z74471,756,585,171
Z74472,303,257,46
Z74477,37,0,37
Z74501,13014,11131,1883
Z74521,100,60,40
Z74522,126,112,14
Z74523,3017,2470,547
Z74525,4458,3739,719
Z74528,111,87,24
Z74530,89,77,12
Z74531,530,384,146
Z74533,350,312,38
Z74534,130,97,33
Z74535,49,30,19
Z74536,952,726,226
Z74538,2019,1670,349
Z74540,118,96,22
Z74543,241,200,41
Z74546,408,330,78
Z74547,1651,1396,255
Z74549,61,35,26
Z74552,513,434,79
Z74553,567,455,112
Z74554,889,787,102
Z74555,372,308,64
Z74556,178,154,24
Z74557,458,210,248
Z74558,241,205,36
Z74560,284,214,70
Z74561,1044,877,167
Z74562,503,362,141
Z74563,996,849,147
Z74565,306,256,50
Z74567,71,45,26
Z74569,356,258,98
Z74570,576,422,154
Z74571,1767,1321,446
Z74572,318,261,57
Z74574,576,481,95
Z74576,82,55,27
Z74577,112,94,18
Z74578,2929,2446,483
Z74601,9125,7592,1533
Z74604,5611,4977,634
Z74630,339,269,70
Z74631,3881,3191,690
Z74632,383,262,121
Z74633,217,183,34
Z74636,160,136,24
Z74637,1093,769,324
Z74640,168,139,29
Z74641,457,302,155
Z74643,308,189,119
Z74644,228,191,37
Z74646,125,117,8
Z74647,1633,1387,246
Z74650,347,246,101
Z74651,322,280,42
Z74652,498,318,180
Z74653,1723,1463,260
Z74701,10213,8835,1378
Z74720,253,220,33
Z74722,137,106,31
Z74723,771,624,147
Z74724,178,130,48
Z74726,1139,942,197
Z74727,997,803,194
Z74728,5350,4334,1016
Z74729,1355,1179,176
Z74730,1852,1667,185
Z74731,963,735,228
Z74733,1269,1076,193
Z74734,555,484,71
Z74735,790,639,151
Z74736,489,436,53
Z74738,277,229,48
Z74740,1012,857,155
Z74741,507,393,114
Z74743,4141,3251,890
Z74745,4650,3990,660
Z74747,83,57,26
Z74748,354,254,100
Z74750,179,146,33
Z74753,33,33,0
Z74754,195,145,50
Z74755,58,43,15
Z74756,456,341,115
Z74759,658,526,132
Z74760,138,102,36
Z74761,51,44,7
Z74764,1682,1383,299
Z74766,661,543,118
Z74801,9912,8535,1377
Z74804,8238,7561,677
Z74820,13861,12256,1605
Z74824,567,492,75
Z74825,905,739,166
Z74826,535,415,120
Z74827,241,147,94
Z74829,340,225,115
Z74830,111,91,20
Z74831,399,316,83
Z74832,373,323,50
Z74833,309,246,63
Z74834,3173,2809,364
Z74836,78,78,0
Z74837,131,110,21
Z74839,393,242,151
Z74840,751,667,84
Z74842,45,37,8
Z74843,144,121,23
Z74844,164,120,44
Z74845,243,195,48
Z74848,3427,2459,968
Z74849,1443,1155,288
Z74850,194,147,47
Z74851,3409,3078,331
Z74852,637,536,101
Z74854,758,588,170
Z74855,2119,1852,267
Z74856,347,288,59
Z74857,3378,3017,361
Z74859,2760,2134,626
Z74860,812,628,184
Z74864,2347,1961,386
Z74865,708,606,102
Z74867,479,378,101
Z74868,5740,4841,899
Z74869,371,327,44
Z74871,1038,847,191
Z74872,1566,1321,245
Z74873,5129,4499,630
Z74875,570,462,108
Z74878,733,578,155
Z74880,1120,845,275
Z74881,1996,1720,276
Z74883,1163,860,303
Z74884,3122,2161,961
Z74901,920,803,117
Z74902,1743,1559,184
Z74930,872,772,100
Z74931,570,492,78
Z74932,1015,884,131
Z74935,70,50,20
Z74936,507,430,77
Z74937,2387,2022,365
Z74939,448,297,151
Z74940,1131,873,258
Z74941,1242,1078,164
Z74942,73,59,14
Z74943,69,57,12
Z74944,521,434,87
Z74945,192,149,43
Z74946,69,52,17
Z74948,5327,4604,723
Z74949,162,129,33
Z74951,664,518,146
Z74953,4903,4232,671
Z74954,1947,1715,232
Z74955,6588,5614,974
Z74956,812,718,94
Z74957,619,438,181
Z74959,3097,2608,489
Z74960,5567,4802,765
Z74962,2552,1901,651
Z74963,313,247,66
Z74964,1121,946,175
Z74965,2113,1861,252
Z74966,1661,1344,317
Z75001,8983,8027,956
Z75002,22414,22053,361
Z75006,18153,17445,708
Z75007,19350,18759,591
Z75009,3247,3009,238
Z75010,9952,9328,624
Z75013,11743,11503,240
Z75019,15340,14628,712
Z75020,10337,8900,1437
Z75021,3483,3229,254
Z75022,7492,7344,148
Z75023,18838,18111,727
Z75024,17987,17033,954
Z75025,19597,19008,589
Z75028,15561,14943,618
Z75032,11276,10548,728
Z75034,30321,28635,1686
Z75035,18597,18214,383
Z75038,13495,12237,1258
Z75039,8326,7702,624
Z75040,19306,18039,1267
Z75041,10283,9615,668
Z75042,12287,11596,691
Z75043,22328,20666,1662
Z75044,15760,15065,695
Z75048,7429,7317,112
Z75050,16628,15023,1605
Z75051,14191,13086,1105
Z75052,30091,28693,1398
Z75054,2273,2240,33
Z75056,20051,19095,956
Z75057,5389,5004,385
Z75058,1048,951,97
Z75060,15393,14554,839
Z75061,19537,17432,2105
Z75062,17649,16354,1295
Z75063,16714,15993,721
Z75065,4783,4322,461
Z75067,27126,25098,2028
Z75068,15266,14497,769
Z75069,14403,13356,1047
Z75070,30123,28934,1189
Z75071,14688,14073,615
Z75074,16867,16097,770
Z75075,14182,13648,534
Z75076,4230,3076,1154
Z75077,13460,12882,578
Z75078,4863,4601,262
Z75080,18949,17973,976
Z75081,14916,13813,1103
Z75082,8519,8291,228
Z75087,11000,10445,555
Z75088,9043,8671,372
Z75089,10146,9709,437
Z75090,9002,8114,888
Z75092,10996,9853,1143
Z75093,20446,19430,1016
Z75094,6010,5999,11
Z75098,16984,16210,774
Z75101,213,178,35
Z75102,582,457,125
Z75103,5844,4916,928
Z75104,17052,16065,987
Z75105,129,78,51
Z75109,1788,1569,219
Z75110,11339,10172,1167
Z75114,1809,1555,254
Z75115,19893,18576,1317
Z75116,7264,6879,385
Z75117,1677,1435,242
Z75119,9986,9226,760
Z75124,1865,1444,421
Z75125,2183,2029,154
Z75126,12079,11510,569
Z75127,691,579,112
Z75132,402,379,23
Z75134,7463,7027,436
Z75135,2039,1903,136
Z75137,7311,6981,330
Z75140,2783,2257,526
Z75141,1391,1306,85
Z75142,6636,5877,759
Z75143,7446,5829,1617
Z75144,1689,1291,398
Z75146,7071,6644,427
Z75147,2990,2518,472
Z75148,3315,2139,1176
Z75149,19743,18342,1401
Z75150,23733,21675,2058
Z75152,1638,1548,90
Z75153,198,150,48
Z75154,13163,12269,894
Z75155,1009,896,113
Z75156,9015,5976,3039
Z75157,155,119,36
Z75158,1564,1447,117
Z75159,5598,5391,207
Z75160,8952,8053,899
Z75161,2558,2333,225
Z75163,1678,907,771
Z75164,219,192,27
Z75165,15082,14114,968
Z75166,1246,1188,58
Z75167,3428,3181,247
Z75169,6204,4689,1515
Z75172,1274,1095,179
Z75173,1698,1410,288
Z75180,7079,6434,645
Z75181,8190,8061,129
Z75182,1750,1750,0
Z75189,7848,7376,472
Z75201,8258,7007,1251
Z75202,1668,1403,265
Z75203,6916,5931,985
Z75204,17789,15682,2107
Z75205,10037,9041,996
Z75206,22733,20563,2170
Z75207,1381,1295,86
Z75208,11121,10060,1061
Z75209,7204,6499,705
Z75210,3124,2518,606
Z75211,22939,21266,1673
Z75212,7901,7245,656
Z75214,17435,15627,1808
Z75215,7495,5825,1670
Z75216,19821,17106,2715
Z75217,24843,22413,2430
Z75218,11040,10247,793
Z75219,14750,12561,2189
Z75220,15863,14369,1494
Z75223,4800,4395,405
Z75224,11473,10619,854
Z75225,9354,8505,849
Z75226,1815,1552,263
Z75227,18800,17040,1760
Z75228,27504,24786,2718
Z75229,11808,11018,790
Z75230,13635,12208,1427
Z75231,18490,15314,3176
Z75232,11124,10000,1124
Z75233,5422,4681,741
Z75234,11682,10741,941
Z75235,7839,6973,866
Z75236,6282,5764,518
Z75237,8953,7810,1143
Z75238,13346,12314,1032
Z75240,10956,9908,1048
Z75241,11010,10018,992
Z75243,29568,24774,4794
Z75244,6362,5889,473
Z75246,1561,1293,268
Z75247,195,195,0
Z75248,16705,15761,944
Z75249,4765,4623,142
Z75251,1915,1685,230
Z75252,13367,12473,894
Z75253,6274,5502,772
Z75254,12495,11520,975
Z75270,0,0,0
Z75287,29469,26958,2511
Z75390,0,0,0
Z75401,7504,6340,1164
Z75402,7174,6175,999
Z75407,5827,5460,367
Z75409,4451,4229,222
Z75410,2264,1700,564
Z75411,531,455,76
Z75412,322,247,75
Z75413,88,79,9
Z75414,1350,1239,111
Z75415,129,94,35
Z75416,1096,936,160
Z75417,1319,1058,261
Z75418,5433,4620,813
Z75420,494,426,68
Z75421,362,335,27
Z75422,1053,909,144
Z75423,1241,1048,193
Z75424,1357,1212,145
Z75426,2829,2014,815
Z75428,4441,3411,1030
Z75431,882,726,156
Z75432,1588,1285,303
Z75433,1253,1061,192
Z75435,670,601,69
Z75436,980,787,193
Z75437,531,471,60
Z75438,383,333,50
Z75439,430,406,24
Z75440,3125,2476,649
Z75441,97,40,57
Z75442,3707,3271,436
Z75446,1522,1190,332
Z75447,393,358,35
Z75448,261,199,62
Z75449,655,500,155
Z75450,113,113,0
Z75451,552,389,163
Z75452,1812,1510,302
Z75453,1579,1355,224
Z75454,2121,2107,14
Z75455,10437,9171,1266
Z75457,3224,2548,676
Z75459,1919,1700,219
Z75460,11237,9214,2023
Z75462,4834,4340,494
Z75468,403,290,113
Z75469,192,151,41
Z75470,190,164,26
Z75471,499,454,45
Z75472,1704,1350,354
Z75473,1652,1443,209
Z75474,6713,5403,1310
Z75475,80,65,15
Z75476,526,448,78
Z75477,435,358,77
Z75478,491,416,75
Z75479,772,641,131
Z75480,1129,587,542
Z75481,244,205,39
Z75482,10357,9180,1177
Z75486,1089,863,226
Z75487,673,557,116
Z75488,564,437,127
Z75489,383,366,17
Z75490,968,848,120
Z75491,2203,2012,191
Z75492,178,166,12
Z75493,171,156,15
Z75494,5027,3895,1132
Z75495,2924,2697,227
Z75496,1657,1351,306
Z75497,1891,1435,456
Z75501,15323,13019,2304
Z75503,10557,9200,1357
Z75550,531,389,142
Z75551,5131,4276,855
Z75554,936,734,202
Z75555,737,566,171
Z75556,437,389,48
Z75558,643,489,154
Z75559,2650,2165,485
Z75560,537,435,102
Z75561,2452,2063,389
Z75562,69,34,35
Z75563,2313,1928,385
Z75565,123,106,17
Z75566,394,285,109
Z75567,1788,1661,127
Z75568,1594,1106,488
Z75569,1371,1219,152
Z75570,3814,3285,529
Z75571,1450,1092,358
Z75572,1607,1353,254
Z75573,23,15,8
Z75574,911,713,198
Z75601,7003,6382,621
Z75602,8232,7205,1027
Z75603,2774,2392,382
Z75604,12294,11433,861
Z75605,12841,11701,1140
Z75630,1529,1062,467
Z75631,1317,1049,268
Z75633,6430,5379,1051
Z75638,2679,2361,318
Z75639,1518,1190,328
Z75640,1859,1574,285
Z75641,113,84,29
Z75642,66,14,52
Z75643,1133,852,281
Z75644,5063,4197,866
Z75645,4064,3284,780
Z75647,5266,4550,716
Z75650,3442,2920,522
Z75651,974,782,192
Z75652,5844,4898,946
Z75654,5019,4349,670
Z75656,2102,1726,376
Z75657,4588,3404,1184
Z75661,1895,1135,760
Z75662,10308,8984,1324
Z75667,521,435,86
Z75668,1040,784,256
Z75669,322,245,77
Z75670,7252,5946,1306
Z75672,7005,6317,688
Z75681,1276,892,384
Z75682,182,169,13
Z75683,1958,1609,349
Z75684,2935,2520,415
Z75686,5888,4684,1204
Z75691,1562,1075,487
Z75692,2222,1753,469
Z75693,2565,2390,175
Z75701,14457,13149,1308
Z75702,9383,8115,1268
Z75703,17748,16172,1576
Z75704,3416,3078,338
Z75705,942,763,179
Z75706,3407,2840,567
Z75707,5918,5465,453
Z75708,2401,2233,168
Z75709,2519,1999,520
Z75750,1674,1476,198
Z75751,7027,6038,989
Z75752,3379,2642,737
Z75754,2497,2034,463
Z75755,2454,2043,411
Z75756,1722,1386,336
Z75757,4640,4026,614
Z75758,4136,3318,818
Z75759,63,39,24
Z75760,1256,969,287
Z75762,5297,4921,376
Z75763,2830,2201,629
Z75764,58,54,4
Z75765,4038,2798,1240
Z75766,10884,9248,1636
Z75770,1368,1209,159
Z75771,8325,7331,994
Z75773,5913,4715,1198
Z75778,1875,1342,533
Z75779,66,49,17
Z75780,89,74,15
Z75783,3682,2971,711
Z75784,378,295,83
Z75785,3966,3326,640
Z75788,148,148,0
Z75789,3186,2784,402
Z75790,1843,1595,248
Z75791,5199,4631,568
Z75792,1504,1354,150
Z75801,7294,5983,1311
Z75803,7204,6323,881
Z75831,2691,2016,675
Z75832,27,11,16
Z75833,2149,1420,729
Z75835,5951,4450,1501
Z75838,368,292,76
Z75839,2194,1888,306
Z75840,3189,2738,451
Z75844,3677,2436,1241
Z75845,1835,1301,534
Z75846,1535,984,551
Z75847,1061,711,350
Z75848,42,41,1
Z75849,41,36,5
Z75850,384,239,145
Z75851,1352,847,505
Z75852,651,438,213
Z75853,519,415,104
Z75855,1606,990,616
Z75856,119,73,46
Z75858,28,28,0
Z75859,1349,793,556
Z75860,2573,2104,469
Z75861,839,555,284
Z75862,6394,3558,2836
Z75901,11890,10488,1402
Z75904,14561,12513,2048
Z75925,2008,1619,389
Z75926,634,458,176
Z75928,709,358,351
Z75929,1664,661,1003
Z75930,1300,735,565
Z75931,2036,906,1130
Z75932,1208,575,633
Z75933,658,487,171
Z75934,87,38,49
Z75935,6125,5140,985
Z75936,547,412,135
Z75937,454,332,122
Z75938,1579,1042,537
Z75939,1965,1596,369
Z75941,2942,2618,324
Z75942,93,93,0
Z75943,617,527,90
Z75944,893,572,321
Z75946,1663,1293,370
Z75948,5301,2295,3006
Z75949,3361,2718,643
Z75951,7115,5106,2009
Z75954,1397,1133,264
Z75956,3452,2679,773
Z75959,728,269,459
Z75960,439,336,103
Z75961,7108,6158,950
Z75962,0,0,0
Z75964,7623,6572,1051
Z75965,8650,7777,873
Z75966,2314,1552,762
Z75968,845,542,303
Z75969,1430,1248,182
Z75972,3116,2011,1105
Z75973,1715,891,824
Z75974,1285,1120,165
Z75975,1815,1425,390
Z75976,378,321,57
Z75977,371,307,64
Z75978,15,15,0
Z75979,5310,3901,1409
Z75980,2092,1144,948
Z76001,10380,9647,733
Z76002,9824,9425,399
Z76006,13315,11514,1801
Z76008,5329,5039,290
Z76009,7123,6567,556
Z76010,20097,17757,2340
Z76011,11310,9468,1842
Z76012,11040,10057,983
Z76013,13719,12808,911
Z76014,11819,10882,937
Z76015,7115,6558,557
Z76016,11975,11445,530
Z76017,18281,17015,1266
Z76018,9323,8919,404
Z76020,11263,9996,1267
Z76021,16246,15635,611
Z76022,6035,5542,493
Z76023,2141,2024,117
Z76028,24017,22841,1176
Z76031,6502,5635,867
Z76033,9983,9372,611
Z76034,8652,8484,168
Z76035,706,653,53
Z76036,8722,8075,647
Z76039,15263,13873,1390
Z76040,12751,11535,1216
Z76041,95,83,12
Z76043,3268,2960,308
Z76044,1522,1355,167
Z76048,11072,8794,2278
Z76049,12321,10419,1902
Z76050,2380,2090,290
Z76051,20358,19356,1002
Z76052,5969,5697,272
Z76053,11745,10918,827
Z76054,4595,4430,165
Z76055,1162,1075,87
Z76058,6570,5715,855
Z76059,1767,1603,164
Z76060,2630,2535,95
Z76061,93,93,0
Z76063,22687,21649,1038
Z76064,567,496,71
Z76065,11071,10525,546
Z76066,1543,1233,310
Z76067,8604,7272,1332
Z76070,259,250,9
Z76071,1449,1247,202
Z76073,2520,2134,386
Z76077,158,158,0
Z76078,3442,3154,288
Z76082,6959,6256,703
Z76084,2707,2391,316
Z76085,3467,3123,344
Z76086,8841,7816,1025
Z76087,10596,9683,913
Z76088,4618,4088,530
Z76092,9225,9076,149
Z76093,787,656,131
Z76102,4026,3467,559
Z76103,5770,4950,820
Z76104,7348,5989,1359
Z76105,7291,6343,948
Z76106,10353,9542,811
Z76107,14909,12987,1922
Z76108,15777,14892,885
Z76109,10725,9653,1072
Z76110,10710,9592,1118
Z76111,7386,6631,755
Z76112,18808,15824,2984
Z76114,9649,8615,1034
Z76115,6469,5824,645
Z76116,24270,20991,3279
Z76117,11655,10396,1259
Z76118,5866,5388,478
Z76119,15493,13886,1607
Z76120,7756,7108,648
Z76123,10303,9733,570
Z76126,8670,7915,755
Z76127,56,56,0
Z76129,0,0,0
Z76131,11034,10332,702
Z76132,13232,12321,911
Z76133,20025,18146,1879
Z76134,8735,8100,635
Z76135,8980,8159,821
Z76137,21084,19890,1194
Z76140,10079,9240,839
Z76148,8291,8152,139
Z76155,2556,2364,192
Z76164,5219,4747,472
Z76177,2944,2612,332
Z76179,18305,17117,1188
Z76180,15180,13827,1353
Z76182,10956,10715,241
Z76201,10743,9636,1107
Z76205,7452,6923,529
Z76207,5341,5050,291
Z76208,7954,7126,828
Z76209,9908,9257,651
Z76210,14760,13834,926
Z76225,1410,1181,229
Z76226,7368,7045,323
Z76227,8845,8304,541
Z76228,546,410,136
Z76230,4965,3999,966
Z76233,1383,1260,123
Z76234,5905,5346,559
Z76238,204,165,39
Z76239,616,450,166
Z76240,11736,10214,1522
Z76244,22004,21117,887
Z76245,1312,707,605
Z76247,4102,3950,152
Z76248,12865,12488,377
Z76249,2754,2473,281
Z76250,357,346,11
Z76251,370,277,93
Z76252,1185,1043,142
Z76253,114,114,0
Z76255,2981,2354,627
Z76258,2739,2409,330
Z76259,1792,1685,107
Z76261,137,113,24
Z76262,13014,12368,646
Z76263,31,23,8
Z76264,666,536,130
Z76265,949,736,213
Z76266,5577,5097,480
Z76268,82,70,12
Z76270,806,586,220
Z76271,669,601,68
Z76272,1753,1626,127
Z76273,3790,3279,511
Z76301,8267,6722,1545
Z76302,5945,5107,838
Z76305,2208,1908,300
Z76306,7048,5723,1325
Z76308,9092,8043,1049
Z76309,6286,5174,1112
Z76310,7821,7299,522
Z76311,647,581,66
Z76351,905,749,156
Z76354,5172,4510,662
Z76357,298,247,51
Z76360,1903,1481,422
Z76363,169,116,53
Z76364,110,69,41
Z76365,2313,1844,469
Z76366,1163,890,273
Z76367,4085,3617,468
Z76370,165,112,53
Z76371,855,653,202
Z76372,560,405,155
Z76373,100,84,16
Z76374,1925,1538,387
Z76377,446,320,126
Z76379,279,220,59
Z76380,2787,1734,1053
Z76384,5979,4991,988
Z76388,218,132,86
Z76389,547,438,109
Z76401,12108,10499,1609
Z76402,0,0,0
Z76424,4393,3176,1217
Z76426,4629,4013,616
Z76427,471,359,112
Z76429,148,58,90
Z76430,1318,1085,233
Z76431,1576,1171,405
Z76432,630,468,162
Z76433,704,530,174
Z76435,337,195,142
Z76436,83,78,5
Z76437,3078,2121,957
Z76442,3891,2793,1098
Z76443,1135,754,381
Z76444,1825,1376,449
Z76445,203,106,97
Z76446,4023,3062,961
Z76448,3117,2212,905
Z76449,2869,977,1892
Z76450,6680,5245,1435
Z76452,29,12,17
Z76453,803,504,299
Z76454,903,539,364
Z76455,587,417,170
Z76457,2057,1496,561
Z76458,2539,1898,641
Z76459,109,79,30
Z76460,239,182,57
Z76462,1252,1037,215
Z76463,316,219,97
Z76464,318,228,90
Z76466,118,98,20
Z76469,25,17,8
Z76470,1767,1182,585
Z76471,1257,683,574
Z76472,813,624,189
Z76474,132,87,45
Z76475,775,395,380
Z76476,1192,1039,153
Z76481,76,62,14
Z76483,650,465,185
Z76484,554,370,184
Z76486,672,547,125
Z76487,1090,894,196
Z76490,42,29,13
Z76491,306,168,138
Z76501,7128,6087,1041
Z76502,14838,12991,1847
Z76504,10582,8483,2099
Z76508,0,0,0
Z76511,860,655,205
Z76513,13868,11801,2067
Z76518,593,481,112
Z76519,320,272,48
Z76520,3788,2930,858
Z76522,15218,13002,2216
Z76523,0,0,0
Z76524,1204,1080,124
Z76525,651,420,231
Z76527,1649,1432,217
Z76528,7057,5964,1093
Z76530,1056,894,162
Z76531,2712,1902,810
Z76534,1021,774,247
Z76537,1623,1536,87
Z76538,453,307,146
Z76539,3295,2919,376
Z76541,10237,7218,3019
Z76542,17817,15489,2328
Z76543,13474,11039,2435
Z76544,6503,5397,1106
Z76548,10723,9107,1616
Z76549,18199,15227,2972
Z76550,5374,4522,852
Z76554,819,669,150
Z76556,650,509,141
Z76557,2011,1619,392
Z76559,2034,1780,254
Z76561,493,418,75
Z76565,29,22,7
Z76566,166,138,28
Z76567,4174,3673,501
Z76569,946,824,122
Z76570,1296,899,397
Z76571,2852,2413,439
Z76573,22,22,0
Z76574,6904,6313,591
Z76577,1465,1245,220
Z76578,589,536,53
Z76579,1641,1462,179
Z76596,0,0,0
Z76597,0,0,0
Z76598,0,0,0
Z76599,0,0,0
Z76621,473,374,99
Z76622,519,415,104
Z76623,57,57,0
Z76624,883,739,144
Z76626,730,604,126
Z76627,640,573,67
Z76628,34,20,14
Z76629,1092,671,421
Z76630,560,431,129
Z76631,204,163,41
Z76632,677,421,256
Z76633,2164,2036,128
Z76634,3721,2652,1069
Z76635,587,430,157
Z76636,707,611,96
Z76637,338,218,120
Z76638,1148,1074,74
Z76639,768,553,215
Z76640,1367,1206,161
Z76641,702,606,96
Z76642,2936,2380,556
Z76643,5464,5180,284
Z76645,4562,3819,743
Z76648,1238,1062,176
Z76649,443,344,99
Z76650,69,48,21
Z76651,1458,1300,158
Z76652,626,454,172
Z76653,571,370,201
Z76654,69,59,10
Z76655,3239,3000,239
Z76656,941,766,175
Z76657,3544,3169,375
Z76660,248,197,51
Z76661,3496,2434,1062
Z76664,1454,1160,294
Z76665,1191,966,225
Z76666,129,104,25
Z76667,4739,3801,938
Z76670,592,471,121
Z76671,1275,815,460
Z76673,573,470,103
Z76676,206,147,59
Z76678,153,121,32
Z76679,705,577,128
Z76680,170,140,30
Z76681,351,285,66
Z76682,1234,982,252
Z76685,28,17,11
Z76686,143,111,32
Z76687,1123,670,453
Z76689,1687,1285,402
Z76690,467,346,121
Z76691,2902,2425,477
Z76692,5374,3808,1566
Z76693,763,546,217
Z76701,854,660,194
Z76704,3776,3223,553
Z76705,11211,9730,1481
Z76706,14473,12544,1929
Z76707,5985,5210,775
Z76708,9838,9041,797
Z76710,11433,10524,909
Z76711,3437,3115,322
Z76712,10426,9851,575
Z76798,0,0,0
Z76801,11774,8571,3203
Z76802,2054,1706,348
Z76820,173,66,107
Z76821,2334,1698,636
Z76823,1552,1209,343
Z76824,0,0,0
Z76825,3431,2666,765
Z76827,225,182,43
Z76828,150,80,70
Z76831,65,24,41
Z76832,402,273,129
Z76834,3365,2284,1081
Z76836,20,13,7
Z76837,895,543,352
Z76841,71,14,57
Z76842,195,74,121
Z76844,2033,1419,614
Z76845,178,57,121
Z76848,58,39,19
Z76849,2759,1717,1042
Z76852,231,108,123
Z76853,810,605,205
Z76854,409,127,282
Z76856,2227,1528,699
Z76857,1694,818,876
Z76858,196,98,98
Z76859,1418,831,587
Z76861,949,733,216
Z76862,266,58,208
Z76864,495,261,234
Z76865,107,29,78
Z76866,390,179,211
Z76869,136,53,83
Z76870,129,81,48
Z76871,624,323,301
Z76872,487,289,198
Z76873,34,13,21
Z76874,127,40,87
Z76875,293,246,47
Z76877,1998,1440,558
Z76878,979,653,326
Z76882,200,87,113
Z76884,114,81,33
Z76885,105,49,56
Z76887,82,49,33
Z76888,205,55,150
Z76890,469,328,141
Z76901,12391,11194,1197
Z76903,13674,11821,1853
Z76904,14838,13861,977
Z76905,4813,4538,275
Z76908,0,0,0
Z76930,78,61,17
Z76932,1458,1256,202
Z76933,830,650,180
Z76934,443,370,73
Z76935,646,531,115
Z76936,1465,1074,391
Z76937,18,18,0
Z76939,20,20,0
Z76940,66,54,12
Z76941,736,559,177
Z76943,1733,1403,330
Z76945,1339,788,551
Z76949,10,10,0
Z76950,2116,1496,620
Z76951,597,451,146
Z76953,41,27,14
Z76955,42,42,0
Z76957,0,0,0
Z76958,110,93,17
Z77002,3962,3185,777
Z77003,5117,4363,754
Z77004,16680,12892,3788
Z77005,10656,9691,965
Z77006,13649,11894,1755
Z77007,18909,17211,1698
Z77008,16676,15283,1393
Z77009,16290,14072,2218
Z77010,732,510,222
Z77011,6826,5629,1197
Z77012,7201,6144,1057
Z77013,6254,5762,492
Z77014,12373,11101,1272
Z77015,18850,17199,1651
Z77016,10836,9255,1581
Z77017,11102,9985,1117
Z77018,11856,10865,991
Z77019,11195,10266,929
Z77020,9636,8354,1282
Z77021,12156,10258,1898
Z77022,10954,9196,1758
Z77023,10909,9360,1549
Z77024,16521,15009,1512
Z77025,14127,12626,1501
Z77026,9790,7843,1947
Z77027,10708,9001,1707
Z77028,6685,5285,1400
Z77029,6473,5686,787
Z77030,5693,4754,939
Z77031,6539,5809,730
Z77032,4408,4068,340
Z77033,10103,8691,1412
Z77034,13539,12189,1350
Z77035,15589,13435,2154
Z77036,30486,25180,5306
Z77037,5671,5326,345
Z77038,8239,7807,432
Z77039,8310,7379,931
Z77040,18271,17347,924
Z77041,12170,11578,592
Z77042,21334,18270,3064
Z77043,9707,8456,1251
Z77044,12178,10999,1179
Z77045,10372,9696,676
Z77046,777,699,78
Z77047,9515,8573,942
Z77048,6672,5312,1360
Z77049,10312,9448,864
Z77050,1623,1454,169
Z77051,7108,5793,1315
Z77053,9121,8596,525
Z77054,14539,12430,2109
Z77055,16302,14637,1665
Z77056,12229,9688,2541
Z77057,22607,19940,2667
Z77058,9179,8349,830
Z77059,6047,5867,180
Z77060,16070,13712,2358
Z77061,9820,8677,1143
Z77062,10221,9763,458
Z77063,19938,17804,2134
Z77064,16824,15941,883
Z77065,15689,14984,705
Z77066,10416,9803,613
Z77067,10877,9762,1115
Z77068,4265,3915,350
Z77069,8660,8035,625
Z77070,20274,18740,1534
Z77071,11085,10045,1040
Z77072,19774,17638,2136
Z77073,13039,12216,823
Z77074,14550,12348,2202
Z77075,13611,12625,986
Z77076,10277,9414,863
Z77077,28267,25129,3138
Z77078,5226,4720,506
Z77079,13390,12351,1039
Z77080,16463,14833,1630
Z77081,19660,16677,2983
Z77082,23969,21450,2519
Z77083,22467,21204,1263
Z77084,35117,33270,1847
Z77085,5076,4867,209
Z77086,8509,7980,529
Z77087,11859,10794,1065
Z77088,18598,16768,1830
Z77089,17559,16775,784
Z77090,17388,14527,2861
Z77091,11091,8913,2178
Z77092,15236,13294,1942
Z77093,14113,11602,2511
Z77094,3269,3057,212
Z77095,25036,24198,838
Z77096,15901,14635,1266
Z77098,8599,7648,951
Z77099,17882,15663,2219
Z77201,0,0,0
Z77301,10860,9747,1113
Z77302,6823,6323,500
Z77303,6575,6223,352
Z77304,11385,10148,1237
Z77306,3978,3490,488
Z77316,6869,6493,376
Z77318,6970,5489,1481
Z77320,11479,8998,2481
Z77326,34,15,19
Z77327,8155,6944,1211
Z77328,5623,4898,725
Z77331,4198,2734,1464
Z77334,91,68,23
Z77335,1188,844,344
Z77336,4511,4281,230
Z77338,13712,12814,898
Z77339,16402,15361,1041
Z77340,11055,9802,1253
Z77342,0,0,0
Z77345,10389,9995,394
Z77346,19994,18927,1067
Z77350,83,43,40
Z77351,16229,12253,3976
Z77354,11415,10856,559
Z77355,9283,8666,617
Z77356,13111,10079,3032
Z77357,7557,6871,686
Z77358,2512,1970,542
Z77359,464,315,149
Z77360,3455,2256,1199
Z77362,1553,1500,53
Z77363,1515,1201,314
Z77364,1243,728,515
Z77365,10297,9590,707
Z77367,166,108,58
Z77368,229,101,128
Z77369,388,240,148
Z77371,3141,2601,540
Z77372,4657,4101,556
Z77373,20228,18830,1398
Z77374,147,134,13
Z77375,15555,14080,1475
Z77376,229,188,41
Z77377,10870,10522,348
Z77378,5317,4848,469
Z77379,26479,25319,1160
Z77380,12082,10993,1089
Z77381,14535,13929,606
Z77382,13480,12110,1370
Z77384,6582,6039,543
Z77385,7586,7209,377
Z77386,14925,14341,584
Z77388,15324,14998,326
Z77389,9811,9220,591
Z77396,16464,15531,933
Z77401,7164,6655,509
Z77406,12735,11660,1075
Z77407,12406,11644,762
Z77412,61,50,11
Z77414,11734,8345,3389
Z77415,31,31,0
Z77417,1297,1076,221
Z77418,4725,4044,681
Z77419,600,437,163
Z77420,945,803,142
Z77422,5681,4575,1106
Z77423,3875,3406,469
Z77426,1076,782,294
Z77428,29,0,29
Z77429,27072,25991,1081
Z77430,885,800,85
Z77432,43,16,27
Z77433,20493,19465,1028
Z77434,2027,1551,476
Z77435,1982,1649,333
Z77436,23,0,23
Z77437,6475,5811,664
Z77440,0,0,0
Z77441,2553,2390,163
Z77442,680,410,270
Z77443,17,17,0
Z77444,358,292,66
Z77445,5123,4277,846
Z77446,753,499,254
Z77447,4307,4062,245
Z77448,65,50,15
Z77449,31746,30407,1339
Z77450,25902,24901,1001
Z77451,28,28,0
Z77453,119,104,15
Z77454,71,71,0
Z77455,938,793,145
Z77456,569,469,100
Z77457,1169,213,956
Z77458,233,165,68
Z77459,20805,20250,555
Z77460,31,31,0
Z77461,3919,3607,312
Z77464,103,85,18
Z77465,4054,2929,1125
Z77466,328,265,63
Z77467,43,32,11
Z77468,116,116,0
Z77469,13731,12904,827
Z77470,217,126,91
Z77471,13285,12223,1062
Z77473,36,33,3
Z77474,5052,4565,487
Z77475,437,183,254
Z77476,77,65,12
Z77477,13818,12926,892
Z77478,9259,8759,500
Z77479,26699,25629,1070
Z77480,3126,2708,418
Z77481,14,10,4
Z77482,1059,850,209
Z77483,197,98,99
Z77484,4214,3817,397
Z77485,1815,1650,165
Z77486,2822,2532,290
Z77488,6424,5413,1011
Z77489,12373,11682,691
Z77493,8599,8141,458
Z77494,27888,27192,696
Z77498,15936,15339,597
Z77502,11957,10930,1027
Z77503,8548,7889,659
Z77504,10188,8802,1386
Z77505,9018,8410,608
Z77506,12117,10770,1347
Z77507,0,0,0
Z77510,5719,5286,433
Z77511,17650,16092,1558
Z77514,2141,1706,435
Z77515,11124,9986,1138
Z77517,2163,1783,380
Z77518,3584,3312,272
Z77519,525,446,79
Z77520,14494,12561,1933
Z77521,20517,18434,2083
Z77523,6681,6417,264
Z77530,9808,9132,676
Z77531,6808,5899,909
Z77532,10355,9645,710
Z77533,418,302,116
Z77534,1069,999,70
Z77535,10843,9829,1014
Z77536,11418,10888,530
Z77538,419,367,52
Z77539,16354,14667,1687
Z77541,8864,6483,2381
Z77545,6471,6203,268
Z77546,17935,17294,641
Z77547,2811,2656,155
Z77550,14310,9899,4411
Z77551,10200,7677,2523
Z77554,9740,3702,6038
Z77560,375,270,105
Z77561,41,41,0
Z77562,4015,3573,442
Z77563,4886,3869,1017
Z77564,943,799,144
Z77565,3332,2914,418
Z77566,12205,11350,855
Z77568,6544,5517,1027
Z77571,13834,12891,943
Z77573,28941,27846,1095
Z77575,6725,5725,1000
Z77577,730,481,249
Z77578,5582,5178,404
Z77580,166,166,0
Z77581,16801,15895,906
Z77583,7536,7086,450
Z77584,29178,27838,1340
Z77585,482,385,97
Z77586,9641,8568,1073
Z77587,5125,4616,509
Z77590,12885,10932,1953
Z77591,6038,5269,769
Z77597,321,277,44
Z77598,11441,9951,1490
Z77611,3339,3037,302
Z77612,4221,3522,699
Z77613,532,450,82
Z77614,337,258,79
Z77615,390,307,83
Z77616,460,340,120
Z77617,110,45,65
Z77619,6830,6252,578
Z77622,540,484,56
Z77623,323,224,99
Z77624,535,483,52
Z77625,3467,3071,396
Z77627,9877,9061,816
Z77629,297,274,23
Z77630,12906,11212,1694
Z77632,9841,8928,913
Z77640,8056,6346,1710
Z77642,15732,13352,2380
Z77650,2283,628,1655
Z77651,5414,4994,420
Z77655,152,132,20
Z77656,7698,6875,823
Z77657,8405,7797,608
Z77659,2052,1823,229
Z77660,620,463,157
Z77661,337,289,48
Z77662,11251,10045,1206
Z77663,540,369,171
Z77664,1239,997,242
Z77665,2497,2297,200
Z77701,6552,5230,1322
Z77702,1432,1079,353
Z77703,6383,5366,1017
Z77705,12248,10786,1462
Z77706,14107,12846,1261
Z77707,6878,6354,524
Z77708,5191,4584,607
Z77713,6226,5543,683
Z77801,7644,6691,953
Z77802,11528,10519,1009
Z77803,10123,9056,1067
Z77807,3687,3304,383
Z77808,4105,3883,222
Z77830,1290,1044,246
Z77831,1735,1215,520
Z77833,11971,9806,2165
Z77835,1548,885,663
Z77836,5490,4232,1258
Z77837,929,637,292
Z77840,23071,20373,2698
Z77845,21639,19932,1707
Z77853,674,457,217
Z77855,102,15,87
Z77856,2845,1832,1013
Z77857,412,316,96
Z77859,3214,2561,653
Z77861,1173,950,223
Z77864,3376,2881,495
Z77865,1057,642,415
Z77867,45,43,2
Z77868,5522,4872,650
Z77871,1913,1142,771
Z77872,791,584,207
Z77873,669,511,158
Z77876,144,82,62
Z77878,215,134,81
Z77879,3023,1973,1050
Z77880,1100,585,515
Z77901,17022,15085,1937
Z77904,10907,10345,562
Z77905,5727,5157,570
Z77950,203,115,88
Z77951,885,773,112
Z77954,4454,3624,830
Z77957,3515,2919,596
Z77960,37,10,27
Z77961,194,66,128
Z77962,1203,1041,162
Z77963,2829,2190,639
Z77964,4604,3367,1237
Z77968,996,888,108
Z77969,129,51,78
Z77970,222,188,34
Z77971,477,364,113
Z77973,22,22,0
Z77974,236,166,70
Z77975,1017,754,263
Z77976,51,51,0
Z77977,278,259,19
Z77978,397,280,117
Z77979,7837,6474,1363
Z77982,1593,333,1260
Z77983,1371,884,487
Z77984,2168,1635,533
Z77987,118,97,21
Z77988,128,116,12
Z77990,601,287,314
Z77991,150,134,16
Z77993,160,130,30
Z77994,265,181,84
Z77995,4330,3394,936
Z78001,0,0,0
Z78002,2425,2235,190
Z78003,4738,3530,1208
Z78004,519,482,37
Z78005,243,197,46
Z78006,11716,11042,674
Z78007,66,27,39
Z78008,221,92,129
Z78009,3054,2812,242
Z78010,1480,1216,264
Z78011,813,692,121
Z78012,234,201,33
Z78013,2474,2113,361
Z78014,2263,1543,720
Z78015,4058,3821,237
Z78016,3521,3067,454
Z78017,1410,1134,276
Z78019,581,346,235
Z78021,151,29,122
Z78022,2264,1525,739
Z78023,8964,8703,261
Z78024,1013,525,488
Z78025,2291,1689,602
Z78026,2279,2067,212
Z78027,279,201,78
Z78028,18143,16338,1805
Z78029,0,0,0
Z78039,663,598,65
Z78040,13468,11712,1756
Z78041,14784,13411,1373
Z78043,13235,11862,1373
Z78044,278,54,224
Z78045,17927,16985,942
Z78046,16316,15256,1060
Z78050,245,232,13
Z78052,2340,2083,257
Z78055,1072,689,383
Z78056,1026,683,343
Z78057,403,357,46
Z78058,776,355,421
Z78059,2354,1924,430
Z78060,27,14,13
Z78061,3938,3228,710
Z78063,5048,3695,1353
Z78064,5627,5171,456
Z78065,3946,3187,759
Z78066,112,112,0
Z78067,391,234,157
Z78069,2021,1695,326
Z78070,6017,5499,518
Z78071,1700,1119,581
Z78072,341,233,108
Z78073,2526,2255,271
Z78075,62,35,27
Z78076,5526,4184,1342
Z78101,2687,2609,78
Z78102,8820,7385,1435
Z78104,64,39,25
Z78107,126,93,33
Z78108,11163,10452,711
Z78109,12441,11567,874
Z78112,2334,2115,219
Z78113,1298,1044,254
Z78114,8049,7192,857
Z78116,221,100,121
Z78117,364,260,104
Z78118,1615,1204,411
Z78119,2339,1716,623
Z78121,4249,4045,204
Z78122,254,130,124
Z78123,1306,1034,272
Z78124,2189,2051,138
Z78125,79,37,42
Z78130,25010,22547,2463
Z78132,9263,8483,780
Z78133,9740,7159,2581
Z78140,1467,1120,347
Z78141,387,266,121
Z78142,57,39,18
Z78143,87,87,0
Z78144,36,36,0
Z78145,52,40,12
Z78146,189,140,49
Z78147,727,657,70
Z78148,8438,7904,534
Z78150,0,0,0
Z78151,808,583,225
Z78152,875,793,82
Z78154,12681,12108,573
Z78155,18940,17023,1917
Z78159,518,334,184
Z78160,1873,1644,229
Z78161,292,268,24
Z78162,206,138,68
Z78163,3902,3659,243
Z78164,2254,1539,715
Z78201,17732,15450,2282
Z78202,4784,3797,987
Z78203,2240,1944,296
Z78204,4628,4151,477
Z78205,1141,806,335
Z78207,18007,15667,2340
Z78208,1707,1382,325
Z78209,20143,17917,2226
Z78210,14710,13355,1355
Z78211,9947,9123,824
Z78212,12884,10765,2119
Z78213,17751,16395,1356
Z78214,8264,7421,843
Z78215,1121,1015,106
Z78216,20085,17631,2454
Z78217,15536,14007,1529
Z78218,14152,12435,1717
Z78219,5921,5388,533
Z78220,6435,5551,884
Z78221,12308,11346,962
Z78222,7635,7031,604
Z78223,18985,17045,1940
Z78224,5859,5416,443
Z78225,4918,4356,562
Z78226,2809,2163,646
Z78227,15660,14459,1201
Z78228,21065,19469,1596
Z78229,16232,14043,2189
Z78230,20578,18578,2000
Z78231,3450,3316,134
Z78232,16562,15749,813
Z78233,17658,16626,1032
Z78234,1087,1052,35
Z78235,346,346,0
Z78236,437,406,31
Z78237,11955,10976,979
Z78238,10154,9462,692
Z78239,10439,9563,876
Z78240,25691,23799,1892
Z78242,9989,8923,1066
Z78243,0,0,0
Z78244,10133,9398,735
Z78245,20177,19007,1170
Z78247,18644,18013,631
Z78248,5929,5632,297
Z78249,19891,18466,1425
Z78250,19517,18684,833
Z78251,19794,19016,778
Z78252,2216,2094,122
Z78253,12009,11368,641
Z78254,15840,15497,343
Z78255,4462,4186,276
Z78256,3724,3314,410
Z78257,2093,1712,381
Z78258,16182,15263,919
Z78259,8684,8136,548
Z78260,9127,8854,273
Z78261,5367,4983,384
Z78263,1612,1523,89
Z78264,3684,3027,657
Z78266,2313,2193,120
Z78330,358,321,37
Z78332,10849,9547,1302
Z78335,5,0,5
Z78336,6286,4684,1602
Z78338,21,10,11
Z78339,270,192,78
Z78340,339,190,149
Z78341,1224,812,412
Z78342,158,128,30
Z78343,1854,1519,335
Z78344,241,146,95
Z78349,390,212,178
Z78351,247,186,61
Z78352,130,87,43
Z78353,290,146,144
Z78355,2853,2008,845
Z78357,1385,1013,372
Z78358,466,294,172
Z78359,738,650,88
Z78361,2566,1688,878
Z78362,3788,3270,518
Z78363,12148,10364,1784
Z78368,4143,3123,1020
Z78369,162,92,70
Z78370,1895,1612,283
Z78371,213,123,90
Z78372,2308,1963,345
Z78373,4773,1907,2866
Z78374,6468,5991,477
Z78375,1361,1070,291
Z78376,367,253,114
Z78377,1714,1400,314
Z78379,843,541,302
Z78380,8798,7519,1279
Z78382,13380,8237,5143
Z78383,2355,1464,891
Z78384,2577,1950,627
Z78385,124,104,20
Z78387,3867,3209,658
Z78389,640,536,104
Z78390,2259,1833,426
Z78391,105,105,0
Z78393,1115,821,294
Z78401,2272,1807,465
Z78402,449,273,176
Z78404,7771,6664,1107
Z78405,6056,5337,719
Z78406,289,259,30
Z78407,1394,1164,230
Z78408,4808,4102,706
Z78409,1136,982,154
Z78410,10099,9203,896
Z78411,11479,10458,1021
Z78412,15862,14771,1091
Z78413,15898,14595,1303
Z78414,13489,12891,598
Z78415,14823,13486,1337
Z78416,5711,5148,563
Z78417,1488,1381,107
Z78418,14783,12428,2355
Z78419,213,213,0
Z78501,23181,20110,3071
Z78503,7636,6474,1162
Z78504,18099,16164,1935
Z78516,11751,9769,1982
Z78520,20297,18243,2054
Z78521,28159,25630,2529
Z78526,13704,12534,1170
Z78535,219,210,9
Z78536,133,92,41
Z78537,12903,10793,2110
Z78538,3568,3056,512
Z78539,11731,10565,1166
Z78541,13424,12200,1224
Z78542,17427,15748,1679
Z78543,3030,2639,391
Z78545,268,151,117
Z78548,207,130,77
Z78549,217,181,36
Z78550,18758,16074,2684
Z78552,13895,11552,2343
Z78557,3334,3065,269
Z78558,318,298,20
Z78559,4481,3722,759
Z78560,1766,1422,344
Z78561,199,176,23
Z78562,806,748,58
Z78563,81,64,17
Z78564,98,15,83
Z78565,163,126,37
Z78566,5358,4641,717
Z78567,225,190,35
Z78569,1330,1150,180
Z78570,10097,8808,1289
Z78572,29376,23228,6148
Z78573,10153,8977,1176
Z78574,17246,15547,1699
Z78575,3296,2609,687
Z78576,2472,2250,222
Z78577,23263,20462,2801
Z78578,6379,4246,2133
Z78579,1051,945,106
Z78580,4299,3570,729
Z78582,12596,10578,2018
Z78583,3242,2456,786
Z78584,6110,4972,1138
Z78585,181,136,45
Z78586,17595,15417,2178
Z78588,125,89,36
Z78589,10778,9887,891
Z78590,92,79,13
Z78591,131,81,50
Z78592,332,272,60
Z78593,1854,1640,214
Z78594,748,545,203
Z78595,1806,1639,167
Z78596,22442,18849,3593
Z78597,7400,1661,5739
Z78598,456,43,413
Z78602,9960,8586,1374
Z78605,2081,1903,178
Z78606,2611,1966,645
Z78607,217,73,144
Z78608,270,184,86
Z78609,1523,884,639
Z78610,10444,9723,721
Z78611,6577,5179,1398
Z78612,3964,3485,479
Z78613,25412,24111,1301
Z78614,199,179,20
Z78615,441,388,53
Z78616,2298,1940,358
Z78617,6776,6278,498
Z78618,297,137,160
Z78619,1461,1386,75
Z78620,5792,5358,434
Z78621,8047,7320,727
Z78622,122,94,28
Z78623,376,329,47
Z78624,10969,9065,1904
Z78626,10203,9484,719
Z78628,10795,10186,609
Z78629,5033,3890,1143
Z78631,1359,1006,353
Z78632,528,386,142
Z78633,10863,10339,524
Z78634,9020,8334,686
Z78635,13,13,0
Z78636,2315,1654,661
Z78638,943,893,50
Z78639,4737,3117,1620
Z78640,14833,13727,1106
Z78641,17339,16445,894
Z78642,3360,3049,311
Z78643,3966,2507,1459
Z78644,6420,5811,609
Z78645,6050,4406,1644
Z78648,3271,2932,339
Z78650,803,600,203
Z78652,2062,2017,45
Z78653,6065,5524,541
Z78654,8837,7176,1661
Z78655,1282,1128,154
Z78656,778,695,83
Z78657,4634,2568,2066
Z78659,1163,1049,114
Z78660,27139,26362,777
Z78661,132,125,7
Z78662,1160,1033,127
Z78663,518,328,190
Z78664,20444,19403,1041
Z78665,14049,13130,919
Z78666,28498,25565,2933
Z78669,5008,3620,1388
Z78670,80,77,3
Z78671,312,249,63
Z78672,1034,551,483
Z78675,126,92,34
Z78676,6277,5241,1036
Z78677,76,35,41
Z78681,18041,17147,894
Z78701,5777,4366,1411
Z78702,9173,8337,836
Z78703,10813,9756,1057
Z78704,24312,22043,2269
Z78705,10023,8704,1319
Z78712,0,0,0
Z78717,9749,9269,480
Z78719,557,416,141
Z78721,4488,4176,312
Z78722,3164,2973,191
Z78723,12994,11989,1005
Z78724,6582,6003,579
Z78725,2370,2294,76
Z78726,5669,5237,432
Z78727,13720,12856,864
Z78728,10176,9639,537
Z78729,13540,12734,806
Z78730,4006,3631,375
Z78731,13264,12331,933
Z78732,5823,5202,621
Z78733,3069,2981,88
Z78734,8455,7283,1172
Z78735,8013,7362,651
Z78736,3200,2904,296
Z78737,4942,4808,134
Z78738,5669,5109,560
Z78739,6098,6003,95
Z78741,22555,20177,2378
Z78742,288,273,15
Z78744,14132,13249,883
Z78745,26488,24940,1548
Z78746,11793,10920,873
Z78747,6376,6122,254
Z78748,18420,17683,737
Z78749,15299,14688,611
Z78750,12148,11151,997
Z78751,8091,7388,703
Z78752,8210,7579,631
Z78753,20312,18672,1640
Z78754,7616,7171,445
Z78756,4678,4408,270
Z78757,11264,10591,673
Z78758,20276,18447,1829
Z78759,21062,19851,1211
Z78801,8273,6691,1582
Z78802,227,201,26
Z78827,503,411,92
Z78828,264,81,183
Z78829,547,409,138
Z78830,326,209,117
Z78832,1719,1079,640
Z78833,911,437,474
Z78834,3392,2876,516
Z78836,106,62,44
Z78837,248,85,163
Z78838,264,79,185
Z78839,2991,2634,357
Z78840,18292,14672,3620
Z78843,10,10,0
Z78850,586,396,190
Z78851,45,12,33
Z78852,17330,15525,1805
Z78860,131,99,32
Z78861,4884,3830,1054
Z78870,480,371,109
Z78871,63,7,56
Z78872,769,594,175
Z78873,1516,712,804
Z78877,398,355,43
Z78879,353,150,203
Z78880,1452,647,805
Z78881,1112,754,358
Z78883,329,180,149
Z78884,820,391,429
Z78885,153,55,98
Z78886,233,198,35
Z78931,193,90,103
Z78932,431,247,184
Z78933,654,527,127
Z78934,3108,2358,750
Z78935,517,460,57
Z78938,238,158,80
Z78940,1403,905,498
Z78941,1752,1094,658
Z78942,3669,2934,735
Z78943,117,51,66
Z78944,302,229,73
Z78945,5362,3918,1444
Z78946,666,417,249
Z78947,2068,1607,461
Z78948,402,293,109
Z78949,269,177,92
Z78950,1428,910,518
Z78951,0,0,0
Z78953,344,255,89
Z78954,874,455,419
Z78956,3014,2072,942
Z78957,4530,3728,802
Z78959,951,626,325
Z78962,2828,2066,762
Z78963,474,325,149
Z79001,165,121,44
Z79003,97,75,22
Z79005,641,570,71
Z79007,6733,5372,1361
Z79009,759,653,106
Z79010,303,161,142
Z79011,150,128,22
Z79012,508,471,37
Z79013,1089,860,229
Z79014,1714,1443,271
Z79015,8481,7783,698
Z79016,0,0,0
Z79018,251,161,90
Z79019,812,639,173
Z79021,50,39,11
Z79022,3992,3332,660
Z79024,206,178,28
Z79025,32,32,0
Z79027,2029,1567,462
Z79029,5799,5165,634
Z79031,606,460,146
Z79032,60,39,21
Z79033,33,33,0
Z79034,293,231,62
Z79035,1810,1527,283
Z79036,2718,2113,605
Z79039,443,368,75
Z79040,769,564,205
Z79041,1446,1233,213
Z79042,552,440,112
Z79043,580,460,120
Z79044,319,288,31
Z79045,7120,6197,923
Z79046,242,192,50
Z79051,18,18,0
Z79052,492,394,98
Z79053,83,57,26
Z79054,272,184,88
Z79056,53,23,30
Z79057,646,513,133
Z79058,0,0,0
Z79059,336,298,38
Z79061,193,161,32
Z79062,144,107,37
Z79063,275,252,23
Z79064,1038,852,186
Z79065,9300,7651,1649
Z79068,1303,1132,171
Z79070,3932,3579,353
Z79072,10252,8755,1497
Z79078,196,102,94
Z79079,1439,1169,270
Z79080,348,225,123
Z79081,1639,1455,184
Z79082,124,101,23
Z79083,1169,850,319
Z79084,943,760,183
Z79085,15,10,5
Z79086,971,870,101
Z79087,319,245,74
Z79088,2430,1936,494
Z79091,77,77,0
Z79092,492,385,107
Z79093,20,20,0
Z79094,29,24,5
Z79095,1225,989,236
Z79096,899,801,98
Z79097,487,420,67
Z79098,186,177,9
Z79101,1486,1218,268
Z79102,4516,4022,494
Z79103,4098,3848,250
Z79104,2725,2396,329
Z79105,0,0,0
Z79106,12935,11923,1012
Z79107,12455,10972,1483
Z79108,5177,4618,559
Z79109,20867,18483,2384
Z79110,7910,7353,557
Z79111,481,451,30
Z79118,7349,6747,602
Z79119,5639,5365,274
Z79121,3139,2934,205
Z79124,3284,3079,205
Z79201,3103,2402,701
Z79220,187,119,68
Z79225,634,412,222
Z79226,1855,1163,692
Z79227,878,527,351
Z79229,264,163,101
Z79230,66,41,25
Z79231,0,0,0
Z79233,114,46,68
Z79234,79,28,51
Z79235,1780,1442,338
Z79236,139,102,37
Z79237,317,161,156
Z79239,200,86,114
Z79240,7,7,0
Z79241,1190,948,242
Z79243,43,24,19
Z79244,408,255,153
Z79245,1278,839,439
Z79247,42,30,12
Z79248,934,610,324
Z79250,663,509,154
Z79251,38,21,17
Z79252,1801,1253,548
Z79255,384,250,134
Z79256,215,154,61
Z79257,604,437,167
Z79258,13,5,8
Z79259,68,18,50
Z79261,347,183,164
Z79311,1598,1363,235
Z79312,476,399,77
Z79313,774,587,187
Z79314,60,42,18
Z79316,4337,3599,738
Z79322,1005,814,191
Z79323,2256,2145,111
Z79324,23,7,16
Z79325,999,851,148
Z79326,38,6,32
Z79329,1370,1228,142
Z79330,334,61,273
Z79331,4972,4035,937
Z79336,6826,6038,788
Z79339,3133,2525,608
Z79342,192,162,30
Z79343,633,501,132
Z79344,22,13,9
Z79345,341,303,38
Z79346,1069,790,279
Z79347,2866,2518,348
Z79350,120,109,11
Z79351,599,473,126
Z79353,17,8,9
Z79355,897,731,166
Z79356,1664,1446,218
Z79357,1020,829,191
Z79358,447,367,80
Z79359,1167,924,243
Z79360,4752,4320,432
Z79363,2013,1746,267
Z79364,3706,3315,391
Z79366,543,508,35
Z79367,319,269,50
Z79369,55,33,22
Z79370,1156,604,552
Z79371,645,498,147
Z79372,494,420,74
Z79373,1482,1239,243
Z79376,45,37,8
Z79377,143,89,54
Z79378,154,138,16
Z79379,239,203,36
Z79380,100,81,19
Z79381,583,473,110
Z79382,2143,1943,200
Z79401,4131,3407,724
Z79403,6298,5203,1095
Z79404,3930,3292,638
Z79406,0,0,0
Z79407,8658,7749,909
Z79410,4583,3801,782
Z79411,3778,3269,509
Z79412,6075,5409,666
Z79413,9602,8702,900
Z79414,8489,7997,492
Z79415,7186,6256,930
Z79416,14273,12895,1378
Z79423,14339,13498,841
Z79424,18324,17271,1053
Z79501,1583,1172,411
Z79502,781,515,266
Z79503,113,79,34
Z79504,1480,1180,300
Z79505,166,126,40
Z79506,818,384,434
Z79508,558,471,87
Z79510,3648,2943,705
Z79511,598,492,106
Z79512,3428,2319,1109
Z79517,109,70,39
Z79518,70,52,18
Z79519,56,38,18
Z79520,1229,986,243
Z79521,2132,1399,733
Z79525,1045,871,174
Z79526,513,453,60
Z79527,172,83,89
Z79528,367,296,71
Z79529,698,511,187
Z79530,193,162,31
Z79532,492,352,140
Z79533,234,127,107
Z79534,74,40,34
Z79535,82,38,44
Z79536,2335,1868,467
Z79537,37,33,4
Z79538,193,85,108
Z79539,123,71,52
Z79540,72,33,39
Z79541,321,308,13
Z79543,611,483,128
Z79544,310,228,82
Z79545,849,696,153
Z79546,1132,839,293
Z79547,437,312,125
Z79548,145,104,41
Z79549,6553,5312,1241
Z79553,2096,1440,656
Z79556,6062,4795,1267
Z79560,56,43,13
Z79561,296,244,52
Z79562,1498,1346,152
Z79563,496,402,94
Z79565,140,96,44
Z79566,257,179,78
Z79567,1678,1169,509
Z79601,9263,7757,1506
Z79602,9123,8037,1086
Z79603,9554,8563,991
Z79605,13146,11411,1735
Z79606,10565,9549,1016
Z79607,673,646,27
Z79699,117,0,117
Z79701,10596,9479,1117
Z79703,7759,7460,299
Z79705,14147,13141,1006
Z79706,7723,7224,499
Z79707,14726,13876,850
Z79713,238,173,65
Z79714,6013,5476,537
Z79718,451,265,186
Z79719,200,165,35
Z79720,12575,10729,1846
Z79730,123,96,27
Z79731,1602,1492,110
Z79733,79,59,20
Z79734,1490,975,515
Z79735,4669,3618,1051
Z79738,140,125,15
Z79739,412,337,75
Z79741,109,101,8
Z79742,206,144,62
Z79743,169,123,46
Z79744,506,438,68
Z79745,2606,2267,339
Z79748,68,46,22
Z79749,128,111,17
Z79752,991,788,203
Z79754,69,43,26
Z79755,93,78,15
Z79756,3899,3290,609
Z79758,899,644,255
Z79759,8,8,0
Z79761,12500,11420,1080
Z79762,17095,15866,1229
Z79763,12487,11494,993
Z79764,8112,7375,737
Z79765,4002,3865,137
Z79766,1979,1835,144
Z79770,115,14,101
Z79772,3869,3293,576
Z79777,178,73,105
Z79778,426,351,75
Z79780,160,127,33
Z79781,229,67,162
Z79782,1508,1342,166
Z79783,106,83,23
Z79785,70,51,19
Z79788,205,176,29
Z79789,393,354,39
Z79821,1794,1619,175
Z79830,4032,3248,784
Z79831,17,12,5
Z79834,119,88,31
Z79835,3703,3339,364
Z79836,1757,1594,163
Z79837,340,203,137
Z79838,2345,2067,278
Z79839,725,536,189
Z79842,494,286,208
Z79843,1498,915,583
Z79845,2314,1689,625
Z79846,84,20,64
Z79847,105,56,49
Z79848,728,447,281
Z79849,3352,3001,351
Z79851,288,158,130
Z79852,715,391,324
Z79853,895,758,137
Z79854,151,58,93
Z79855,1002,773,229
Z79901,4546,3998,548
Z79902,9635,8402,1233
Z79903,6880,6160,720
Z79904,12429,11014,1415
Z79905,9057,8041,1016
Z79906,1199,1021,178
Z79907,17672,16741,931
Z79908,628,588,40
Z79911,1308,1194,114
Z79912,31234,28566,2668
Z79915,13479,12520,959
Z79916,4,4,0
Z79920,0,0,0
Z79922,3005,2727,278
Z79924,21639,19653,1986
Z79925,16197,14873,1324
Z79927,11416,10773,643
Z79928,15164,14458,706
Z79930,12108,10638,1470
Z79932,9098,8678,420
Z79934,8521,7613,908
Z79935,6955,6463,492
Z79936,36754,34861,1893
Z79938,19972,18322,1650
Z79942,7,7,0
Z80002,8488,8227,261
Z80003,14778,14198,580
Z80004,15236,14814,422
Z80005,10817,10671,146
Z80007,2828,2742,86
Z80010,13823,12952,871
Z80011,16808,15838,970
Z80012,19697,18340,1357
Z80013,25685,24750,935
Z80014,19037,17930,1107
Z80015,22421,21750,671
Z80016,16994,16434,560
Z80017,13556,12713,843
Z80018,3543,3421,122
Z80019,845,845,0
Z80020,18885,18249,636
Z80021,13718,13034,684
Z80022,14250,13488,762
Z80023,7282,6911,371
Z80024,96,96,0
Z80025,161,147,14
Z80026,11743,11468,275
Z80027,12934,12397,537
Z80030,6284,5990,294
Z80031,13711,13056,655
Z80033,12123,11345,778
Z80045,432,424,8
Z80101,217,148,69
Z80102,1993,1850,143
Z80103,1038,948,90
Z80104,11075,10592,483
Z80105,666,558,108
Z80106,1625,1512,113
Z80107,4445,4271,174
Z80108,9189,8818,371
Z80109,6549,6463,86
Z80110,9459,8896,563
Z80111,12805,12131,674
Z80112,13516,13043,473
Z80113,10171,9499,672
Z80116,1510,1435,75
Z80117,1124,1011,113
Z80118,2566,2361,205
Z80120,14067,13418,649
Z80121,7518,7122,396
Z80122,12636,12326,310
Z80123,19677,18660,1017
Z80124,7830,7665,165
Z80125,4001,3776,225
Z80126,15699,15179,520
Z80127,16555,16168,387
Z80128,14508,14065,443
Z80129,10896,10659,237
Z80130,10689,10373,316
Z80131,73,73,0
Z80132,7304,6845,459
Z80133,982,897,85
Z80134,21721,21053,668
Z80135,1805,1543,262
Z80136,1822,1731,91
Z80137,414,374,40
Z80138,11236,10981,255
Z80202,9500,7812,1688
Z80203,14921,13860,1061
Z80204,13433,12193,1240
Z80205,13888,12972,916
Z80206,13260,12589,671
Z80207,9635,9273,362
Z80209,13992,12956,1036
Z80210,16528,15531,997
Z80211,16408,15403,1005
Z80212,9261,8961,300
Z80214,11774,11162,612
Z80215,8481,8134,347
Z80216,3635,3306,329
Z80218,12189,11225,964
Z80219,20564,19730,834
Z80220,16772,15846,926
Z80221,13822,12989,833
Z80222,10297,9709,588
Z80223,7308,7043,265
Z80224,8765,8399,366
Z80226,13720,13221,499
Z80227,15278,14870,408
Z80228,13949,13502,447
Z80229,18319,17400,919
Z80230,4245,3892,353
Z80231,17698,16539,1159
Z80232,9247,8900,347
Z80233,18222,17266,956
Z80234,11090,10347,743
Z80235,3619,3368,251
Z80236,6313,5989,324
Z80237,10430,9709,721
Z80238,5134,5030,104
Z80239,11477,11128,349
Z80241,11627,11336,291
Z80246,7733,7233,500
Z80247,15029,13598,1431
Z80249,8599,8359,240
Z80260,12592,11795,797
Z80264,0,0,0
Z80290,0,0,0
Z80293,0,0,0
Z80294,0,0,0
Z80301,11570,10905,665
Z80302,12932,11987,945
Z80303,11672,11144,528
Z80304,11674,11193,481
Z80305,7365,7073,292
Z80310,173,173,0
Z80401,16694,16051,643
Z80403,8310,7590,720
Z80419,0,0,0
Z80420,877,369,508
Z80421,4717,3680,1037
Z80422,2747,1927,820
Z80423,93,16,77
Z80424,11032,3303,7729
Z80425,198,122,76
Z80426,113,47,66
Z80427,639,480,159
Z80428,628,240,388
Z80432,726,116,610
Z80433,3719,3234,485
Z80434,30,17,13
Z80435,7857,2483,5374
Z80436,273,246,27
Z80438,337,208,129
Z80439,10775,9773,1002
Z80440,2276,993,1283
Z80442,2673,822,1851
Z80443,5233,1434,3799
Z80444,838,529,309
Z80446,2851,1406,1445
Z80447,3936,796,3140
Z80448,307,146,161
Z80449,1264,370,894
Z80451,352,278,74
Z80452,2136,1471,665
Z80453,167,124,43
Z80454,543,477,66
Z80455,347,211,136
Z80456,1632,410,1222
Z80457,282,282,0
Z80459,1482,876,606
Z80461,4329,2934,1395
Z80463,74,56,18
Z80465,6203,6051,152
Z80466,1952,1567,385
Z80467,1348,946,402
Z80468,315,189,126
Z80469,169,131,38
Z80470,1655,1345,310
Z80471,129,0,129
Z80473,80,22,58
Z80475,82,82,0
Z80476,206,125,81
Z80477,93,93,0
Z80478,1120,442,678
Z80479,41,11,30
Z80480,1152,577,575
Z80481,460,309,151
Z80482,3470,441,3029
Z80483,341,225,116
Z80487,12332,6751,5581
Z80488,99,45,54
Z80497,819,308,511
Z80498,5297,2615,2682
Z80501,16737,15894,843
Z80503,13388,12788,600
Z80504,17607,17256,351
Z80510,847,298,549
Z80511,0,0,0
Z80512,1579,826,753
Z80513,4462,4317,145
Z80514,1930,1831,99
Z80515,968,385,583
Z80516,7898,7740,158
Z80517,7574,4555,3019
Z80520,562,562,0
Z80521,13456,12829,627
Z80524,13953,13423,530
Z80525,21221,20587,634
Z80526,18538,17688,850
Z80528,6792,6606,186
Z80530,1502,1446,56
Z80532,165,44,121
Z80534,5226,5131,95
Z80535,1306,1224,82
Z80536,1268,880,388
Z80537,18305,17457,848
Z80538,19212,18555,657
Z80540,2623,1949,674
Z80542,1355,1323,32
Z80543,2188,2106,82
Z80544,0,0,0
Z80545,1970,249,1721
Z80546,37,37,0
Z80547,426,366,60
Z80549,3364,3251,113
Z80550,8706,8439,267
Z80601,11568,11152,416
Z80602,9913,9568,345
Z80603,4606,4215,391
Z80610,1145,1065,80
Z80611,279,250,29
Z80612,240,192,48
Z80615,2894,2808,86
Z80620,6278,6141,137
Z80621,4332,3998,334
Z80622,68,60,8
Z80623,350,294,56
Z80624,355,355,0
Z80631,17738,16516,1222
Z80634,21996,20835,1161
Z80640,3709,3516,193
Z80642,1297,1236,61
Z80643,1228,1152,76
Z80644,1229,1135,94
Z80645,1674,1563,111
Z80648,391,366,25
Z80649,158,109,49
Z80650,606,580,26
Z80651,1622,1549,73
Z80652,266,232,34
Z80653,511,306,205
Z80654,1081,993,88
Z80701,6272,5803,469
Z80705,417,381,36
Z80720,1392,1127,265
Z80721,93,86,7
Z80722,112,98,14
Z80723,2762,2580,182
Z80726,213,195,18
Z80727,176,99,77
Z80728,472,398,74
Z80729,261,191,70
Z80731,679,610,69
Z80733,225,207,18
Z80734,1210,1058,152
Z80735,157,126,31
Z80736,242,201,41
Z80737,812,624,188
Z80740,78,62,16
Z80741,362,329,33
Z80742,141,91,50
Z80743,516,437,79
Z80744,243,179,64
Z80745,90,68,22
Z80746,27,27,0
Z80747,217,178,39
Z80749,227,143,84
Z80750,157,117,40
Z80751,7223,6474,749
Z80754,95,74,21
Z80755,47,42,5
Z80757,142,94,48
Z80758,1554,1347,207
Z80759,2232,2036,196
Z80801,84,57,27
Z80802,122,96,26
Z80804,227,155,72
Z80805,215,203,12
Z80807,1970,1810,160
Z80808,2809,2325,484
Z80809,990,692,298
Z80810,499,466,33
Z80812,95,82,13
Z80813,1273,730,543
Z80814,2163,1491,672
Z80815,494,395,99
Z80816,3693,2401,1292
Z80817,10200,9629,571
Z80818,158,126,32
Z80819,591,350,241
Z80820,741,368,373
Z80821,546,415,131
Z80822,131,98,33
Z80823,116,72,44
Z80824,126,102,24
Z80825,242,154,88
Z80827,948,414,534
Z80828,1089,902,187
Z80829,3302,2854,448
Z80830,145,125,20
Z80831,8197,7877,320
Z80832,250,197,53
Z80833,316,249,67
Z80834,187,131,56
Z80835,378,327,51
Z80836,535,416,119
Z80840,641,515,126
Z80860,596,312,284
Z80861,169,107,62
Z80862,22,16,6
Z80863,5273,4711,562
Z80864,628,487,141
Z80902,3067,2871,196
Z80903,7766,6930,836
Z80904,11057,10091,966
Z80905,8299,7513,786
Z80906,16550,15344,1206
Z80907,13460,12641,819
Z80908,5356,5139,217
Z80909,17298,15932,1366
Z80910,13127,11977,1150
Z80911,11627,11125,502
Z80913,39,39,0
Z80914,0,0,0
Z80915,8173,7766,407
Z80916,14562,13602,960
Z80917,13563,13018,545
Z80918,19612,18728,884
Z80919,11573,11030,543
Z80920,14085,13529,556
Z80921,7309,6992,317
Z80922,9531,9204,327
Z80923,10348,10121,227
Z80924,2052,2002,50
Z80925,2444,2341,103
Z80926,665,603,62
Z80927,578,526,52
Z80928,511,468,43
Z80929,125,125,0
Z80930,531,467,64
Z80938,0,0,0
Z80939,0,0,0
Z80951,1476,1476,0
Z81001,13313,11948,1365
Z81003,6347,5698,649
Z81004,12138,10480,1658
Z81005,13299,12487,812
Z81006,4823,4429,394
Z81007,11557,10940,617
Z81008,4698,4213,485
Z81019,816,659,157
Z81020,722,428,294
Z81021,18,9,9
Z81022,660,566,94
Z81023,844,524,320
Z81024,106,71,35
Z81025,528,381,147
Z81027,95,62,33
Z81029,192,102,90
Z81030,66,57,9
Z81033,73,63,10
Z81036,573,413,160
Z81038,0,0,0
Z81039,874,729,145
Z81040,431,251,180
Z81041,396,240,156
Z81043,30,20,10
Z81044,161,128,33
Z81045,75,41,34
Z81047,715,590,125
Z81049,174,125,49
Z81050,4635,3792,843
Z81052,4438,3726,712
Z81054,1601,1248,353
Z81055,1743,658,1085
Z81057,238,190,48
Z81058,445,376,69
Z81059,138,76,62
Z81062,450,346,104
Z81063,714,534,180
Z81064,183,113,70
Z81067,2800,2409,391
Z81069,1406,683,723
Z81071,154,120,34
Z81073,1052,814,238
Z81076,285,208,77
Z81077,234,191,43
Z81081,54,30,24
Z81082,6303,4766,1537
Z81084,86,47,39
Z81087,103,86,17
Z81089,2680,1947,733
Z81090,636,424,212
Z81091,646,274,372
Z81092,395,344,51
Z81101,6234,5627,607
Z81120,1729,797,932
Z81121,210,111,99
Z81122,4506,3342,1164
Z81123,438,324,114
Z81124,73,40,33
Z81125,1437,1134,303
Z81126,193,108,85
Z81128,144,61,83
Z81129,71,53,18
Z81130,1417,385,1032
Z81131,989,672,317
Z81132,1815,1235,580
Z81133,814,410,404
Z81136,104,75,29
Z81137,2590,2299,291
Z81138,55,26,29
Z81140,1113,964,149
Z81141,543,442,101
Z81143,475,306,169
Z81144,3204,2696,508
Z81146,342,230,112
Z81147,8473,5091,3382
Z81148,150,118,32
Z81149,637,422,215
Z81151,613,534,79
Z81152,1132,560,572
Z81154,1678,584,1094
Z81155,300,166,134
Z81201,4925,4160,765
Z81210,657,109,548
Z81211,3887,2751,1136
Z81212,12293,10770,1523
Z81220,455,84,371
Z81221,138,116,22
Z81222,238,197,41
Z81223,1361,776,585
Z81224,2427,1508,919
Z81225,1985,496,1489
Z81226,2520,2149,371
Z81227,36,8,28
Z81230,4790,3779,1011
Z81231,0,0,0
Z81232,6,6,0
Z81233,658,458,200
Z81235,1049,331,718
Z81236,1068,485,583
Z81237,118,45,73
Z81239,18,10,8
Z81240,1719,1610,109
Z81241,322,36,286
Z81242,386,373,13
Z81243,217,58,159
Z81244,152,147,5
Z81248,225,55,170
Z81251,194,91,103
Z81252,3788,1785,2003
Z81253,322,261,61
Z81301,15054,11984,3070
Z81303,3479,3119,360
Z81320,199,96,103
Z81321,6382,5871,511
Z81323,2574,1958,616
Z81324,742,490,252
Z81325,154,96,58
Z81326,1070,884,186
Z81327,301,269,32
Z81328,2048,1690,358
Z81330,94,26,68
Z81331,277,241,36
Z81332,208,87,121
Z81334,474,384,90
Z81335,67,67,0
Z81401,10081,9501,580
Z81403,4679,4257,422
Z81410,744,686,58
Z81411,15,5,10
Z81413,2836,2088,748
Z81415,824,567,257
Z81416,5949,5235,714
Z81418,795,713,82
Z81419,1794,1577,217
Z81422,458,320,138
Z81423,807,653,154
Z81424,664,482,182
Z81425,2150,1978,172
Z81426,103,74,29
Z81427,813,413,400
Z81428,1900,1467,433
Z81429,86,51,35
Z81430,662,334,328
Z81431,216,166,50
Z81432,1804,1242,562
Z81433,541,268,273
Z81434,149,63,86
Z81435,5060,2180,2880
Z81501,10094,9467,627
Z81503,6342,6035,307
Z81504,11961,11514,447
Z81505,4173,3894,279
Z81506,5163,4843,320
Z81507,6696,6262,434
Z81520,5786,5425,361
Z81521,6179,5925,254
Z81522,26,12,14
Z81523,683,538,145
Z81524,939,763,176
Z81525,401,401,0
Z81526,2403,2252,151
Z81527,850,746,104
Z81601,6541,6076,465
Z81610,213,138,75
Z81611,7901,4412,3489
Z81612,0,0,0
Z81615,2711,1261,1450
Z81620,8598,3685,4913
Z81621,2916,2512,404
Z81623,6373,5491,882
Z81624,789,481,308
Z81625,5656,4708,948
Z81630,415,325,90
Z81631,3291,2563,728
Z81632,5198,3265,1933
Z81633,7,0,7
Z81635,3076,2415,661
Z81637,2674,2325,349
Z81638,93,74,19
Z81639,1227,928,299
Z81640,151,66,85
Z81641,2055,1488,567
Z81642,168,33,135
Z81643,528,291,237
Z81645,594,430,164
Z81646,90,68,22
Z81647,2569,2366,203
Z81648,1232,971,261
Z81649,121,91,30
Z81650,5075,4372,703
Z81652,1835,1658,177
Z81653,76,27,49
Z81654,633,481,152
Z81655,37,12,25
Z81656,159,118,41
Z81657,7547,2515,5032
Z82001,16868,14837,2031
Z82005,7,0,7
Z82007,8809,7852,957
Z82009,13468,12813,655
Z82050,95,84,11
Z82051,24,16,8
Z82052,5,5,0
Z82053,644,539,105
Z82054,257,257,0
Z82055,398,109,289
Z82058,35,26,9
Z82059,90,58,32
Z82060,191,191,0
Z82061,0,0,0
Z82063,184,46,138
Z82070,9694,8408,1286
Z82072,7832,6879,953
Z82073,0,0,0
Z82081,19,19,0
Z82082,824,660,164
Z82083,265,148,117
Z82084,38,0,38
Z82190,303,106,197
Z82201,3480,2787,693
Z82210,186,158,28
Z82212,257,200,57
Z82213,518,251,267
Z82214,650,564,86
Z82215,92,78,14
Z82217,44,36,8
Z82219,16,9,7
Z82221,231,200,31
Z82222,87,62,25
Z82223,565,487,78
Z82224,6,6,0
Z82225,1061,855,206
Z82227,98,80,18
Z82229,48,48,0
Z82240,4509,4150,359
Z82242,50,23,27
Z82243,36,29,7
Z82244,253,232,21
Z82301,4181,3516,665
Z82321,385,279,106
Z82322,79,48,31
Z82323,88,43,45
Z82324,210,127,83
Z82325,617,344,273
Z82327,750,355,395
Z82329,211,141,70
Z82331,1524,1022,502
Z82332,90,43,47
Z82334,335,182,153
Z82335,16,16,0
Z82336,271,124,147
Z82401,3461,3255,206
Z82410,827,707,120
Z82411,204,170,34
Z82412,230,196,34
Z82414,7643,6444,1199
Z82420,340,320,20
Z82421,176,135,41
Z82422,33,33,0
Z82423,110,103,7
Z82426,1417,1172,245
Z82428,89,39,50
Z82430,30,30,0
Z82431,1588,1344,244
Z82432,128,100,28
Z82433,498,407,91
Z82434,55,55,0
Z82435,5234,4691,543
Z82440,94,74,20
Z82441,101,101,0
Z82442,399,307,92
Z82443,2515,2136,379
Z82450,132,74,58
Z82501,8110,7344,766
Z82510,123,104,19
Z82512,113,67,46
Z82513,1464,920,544
Z82514,481,447,34
Z82515,202,176,26
Z82516,247,180,67
Z82520,5820,5188,632
Z82523,483,410,73
Z82601,12923,11651,1272
Z82604,11233,10273,960
Z82609,7784,7298,486
Z82620,352,83,269
Z82630,10,10,0
Z82633,4710,4083,627
Z82635,142,112,30
Z82636,1910,1798,112
Z82637,1733,1551,182
Z82638,0,0,0
Z82639,401,322,79
Z82640,51,8,43
Z82642,57,46,11
Z82643,250,199,51
Z82644,729,700,29
Z82646,0,0,0
Z82648,0,0,0
Z82649,610,448,162
Z82701,2470,2134,336
Z82710,180,151,29
Z82711,85,54,31
Z82712,158,158,0
Z82714,71,40,31
Z82715,0,0,0
Z82716,7746,6830,916
Z82718,9673,8955,718
Z82720,531,425,106
Z82721,1436,1132,304
Z82723,227,227,0
Z82725,79,79,0
Z82727,871,715,156
Z82729,1055,927,128
Z82730,905,704,201
Z82731,40,40,0
Z82732,1103,878,225
Z82801,11583,10564,1019
Z82831,93,70,23
Z82832,374,274,100
Z82833,108,38,70
Z82834,3983,3289,694
Z82835,170,125,45
Z82836,590,450,140
Z82837,17,15,2
Z82838,206,148,58
Z82839,525,485,40
Z82842,719,470,249
Z82844,7,7,0
Z82845,12,12,0
Z82901,12496,10923,1573
Z82922,292,40,252
Z82923,344,89,255
Z82925,400,221,179
Z82929,103,74,29
Z82930,6761,5113,1648
Z82932,398,334,64
Z82933,309,288,21
Z82934,123,93,30
Z82935,5142,4807,335
Z82936,7,0,7
Z82937,1458,1340,118
Z82938,104,47,57
Z82939,804,711,93
Z82941,2518,1734,784
Z82942,53,39,14
Z82943,88,88,0
Z82944,208,96,112
Z82945,162,102,60
Z83001,8479,5989,2490
Z83011,158,29,129
Z83012,266,112,154
Z83013,452,213,239
Z83014,2682,1462,1220
Z83025,649,80,569
Z83101,1706,1218,488
Z83110,1869,1516,353
Z83111,148,139,9
Z83112,190,96,94
Z83113,1302,994,308
Z83114,383,290,93
Z83115,987,545,442
Z83116,325,280,45
Z83118,654,618,36
Z83119,74,30,44
Z83120,316,316,0
Z83121,5,5,0
Z83122,165,165,0
Z83123,348,218,130
Z83124,70,49,21
Z83126,165,145,20
Z83127,1755,1183,572
Z83128,911,603,308
Z83201,15116,13899,1217
Z83202,7974,7528,446
Z83203,143,124,19
Z83204,7740,7059,681
Z83209,178,156,22
Z83210,1188,1026,162
Z83211,2241,1980,261
Z83212,104,94,10
Z83213,775,587,188
Z83214,223,191,32
Z83215,25,8,17
Z83217,375,277,98
Z83218,128,107,21
Z83220,51,51,0
Z83221,9743,8886,857
Z83223,60,42,18
Z83226,1285,973,312
Z83227,151,111,40
Z83228,226,205,21
Z83232,159,152,7
Z83233,15,15,0
Z83234,688,564,124
Z83235,52,13,39
Z83236,800,668,132
Z83237,383,365,18
Z83238,41,41,0
Z83239,252,201,51
Z83241,897,775,122
Z83243,37,37,0
Z83244,98,78,20
Z83245,818,777,41
Z83246,746,364,382
Z83250,560,470,90
Z83251,800,477,323
Z83252,1892,1545,347
Z83253,111,65,46
Z83254,1833,1497,336
Z83255,567,426,141
Z83261,346,211,135
Z83262,441,401,40
Z83263,3341,3051,290
Z83271,264,191,73
Z83272,435,112,323
Z83274,3077,2901,176
Z83276,1931,1528,403
Z83277,110,110,0
Z83278,681,84,597
Z83281,78,78,0
Z83283,56,56,0
Z83285,123,51,72
Z83286,466,407,59
Z83287,814,108,706
Z83301,21322,19916,1406
Z83302,123,40,83
Z83311,212,173,39
Z83312,111,71,40
Z83313,1688,1458,230
Z83314,460,359,101
Z83316,3964,3619,345
Z83318,6234,5846,388
Z83320,369,306,63
Z83321,231,192,39
Z83322,19,19,0
Z83323,632,592,40
Z83324,237,197,40
Z83325,325,300,25
Z83327,765,361,404
Z83328,2149,1910,239
Z83330,2632,2286,346
Z83332,1270,1118,152
Z83333,4969,4138,831
Z83334,800,716,84
Z83335,699,638,61
Z83336,1658,1575,83
Z83337,31,17,14
Z83338,7182,6708,474
Z83340,5270,2321,2949
Z83341,2630,2282,348
Z83342,579,464,115
Z83344,449,392,57
Z83346,625,499,126
Z83347,1260,1148,112
Z83348,119,60,59
Z83349,450,381,69
Z83350,4931,4496,435
Z83352,1496,1102,394
Z83353,2483,596,1887
Z83354,17,0,17
Z83355,1693,1546,147
Z83401,14111,13032,1079
Z83402,10257,9188,1069
Z83404,9018,8091,927
Z83406,5611,5383,228
Z83414,355,302,53
Z83420,1172,840,332
Z83421,71,71,0
Z83422,1787,1283,504
Z83423,438,245,193
Z83424,113,82,31
Z83425,244,222,22
Z83427,500,472,28
Z83428,430,169,261
Z83429,3708,410,3298
Z83431,302,284,18
Z83433,171,4,167
Z83434,556,510,46
Z83435,183,137,46
Z83436,162,145,17
Z83440,11894,9902,1992
Z83442,6484,6054,430
Z83443,482,363,119
Z83444,465,400,65
Z83445,2756,2435,321
Z83446,52,19,33
Z83448,619,579,40
Z83449,205,106,99
Z83450,372,322,50
Z83451,368,331,37
Z83452,834,477,357
Z83454,183,177,6
Z83455,2764,1763,1001
Z83460,0,0,0
Z83462,304,304,0
Z83463,106,79,27
Z83464,245,134,111
Z83465,87,44,43
Z83466,199,120,79
Z83467,3484,2926,558
Z83468,106,65,41
Z83469,112,14,98
Z83501,15191,14228,963
Z83520,93,73,20
Z83522,914,677,237
Z83523,378,316,62
Z83524,426,370,56
Z83525,433,211,222
Z83526,129,119,10
Z83530,2769,2335,434
Z83533,61,61,0
Z83535,579,504,75
Z83536,2042,1753,289
Z83537,601,490,111
Z83539,1126,913,213
Z83540,876,770,106
Z83541,564,406,158
Z83542,112,74,38
Z83543,330,287,43
Z83544,2706,2351,355
Z83545,230,210,20
Z83546,482,342,140
Z83547,158,85,73
Z83548,46,44,2
Z83549,562,332,230
Z83552,533,399,134
Z83553,604,572,32
Z83554,371,284,87
Z83555,406,223,183
Z83601,125,21,104
Z83602,35,15,20
Z83604,363,252,111
Z83605,14548,13611,937
Z83607,8309,7535,774
Z83610,553,404,149
Z83611,3359,935,2424
Z83612,1243,807,436
Z83615,2130,369,1761
Z83616,9508,9189,319
Z83617,6549,5832,717
Z83619,2786,2600,186
Z83622,1696,704,992
Z83623,715,565,150
Z83624,531,407,124
Z83626,432,371,61
Z83627,301,261,40
Z83628,1584,1464,120
Z83629,730,646,84
Z83631,1029,480,549
Z83632,134,107,27
Z83633,236,169,67
Z83634,7124,6995,129
Z83636,40,0,40
Z83637,406,115,291
Z83638,6189,1835,4354
Z83639,1295,1044,251
Z83641,1321,1248,73
Z83642,15147,14438,709
Z83643,93,56,37
Z83644,3635,3502,133
Z83645,326,273,53
Z83646,18670,18490,180
Z83647,9649,7869,1780
Z83648,1081,859,222
Z83650,383,211,172
Z83651,11221,10623,598
Z83654,1207,661,546
Z83655,1706,1551,155
Z83656,253,219,34
Z83657,109,73,36
Z83660,2322,2155,167
Z83661,3927,3500,427
Z83666,58,14,44
Z83669,3241,3083,158
Z83670,250,215,35
Z83671,136,10,126
Z83672,3655,3132,523
Z83676,1570,1417,153
Z83677,172,62,110
Z83686,17103,15966,1137
Z83687,10917,9939,978
Z83702,11954,10653,1301
Z83703,7566,7162,404
Z83704,16865,16211,654
Z83705,12810,11899,911
Z83706,14226,13534,692
Z83709,19195,18493,702
Z83712,3904,3610,294
Z83713,10790,10202,588
Z83714,9237,8720,517
Z83716,6482,5958,524
Z83801,2668,2248,420
Z83802,107,66,41
Z83803,824,337,487
Z83804,841,483,358
Z83805,3552,2850,702
Z83806,127,90,37
Z83808,121,62,59
Z83809,176,132,44
Z83810,531,423,108
Z83811,791,587,204
Z83812,70,41,29
Z83813,493,364,129
Z83814,12800,10577,2223
Z83815,13592,12820,772
Z83821,1156,121,1035
Z83822,947,887,60
Z83823,647,554,93
Z83824,158,141,17
Z83825,185,148,37
Z83826,42,0,42
Z83827,153,72,81
Z83830,324,302,22
Z83832,605,559,46
Z83833,1520,515,1005
Z83834,131,131,0
Z83835,8921,7811,1110
Z83836,856,417,439
Z83837,1660,1301,359
Z83839,710,591,119
Z83840,86,86,0
Z83841,172,172,0
Z83842,88,71,17
Z83843,11587,10930,657
Z83844,0,0,0
Z83845,830,729,101
Z83846,444,340,104
Z83847,807,686,121
Z83848,367,124,243
Z83849,925,878,47
Z83850,1047,964,83
Z83851,906,639,267
Z83852,422,400,22
Z83854,15776,14879,897
Z83855,992,884,108
Z83856,3653,2498,1155
Z83857,364,331,33
Z83858,5974,5083,891
Z83860,3738,2420,1318
Z83861,3290,2602,688
Z83864,9580,7521,2059
Z83866,152,88,64
Z83867,280,280,0
Z83868,424,372,52
Z83869,2001,1655,346
Z83870,164,132,32
Z83871,794,726,68
Z83872,256,226,30
Z83873,1080,733,347
Z83874,55,42,13
Z83876,1401,641,760
Z84001,374,329,45
Z84002,107,84,23
Z84003,12102,11769,333
Z84004,2889,2763,126
Z84005,6058,5963,95
Z84006,271,271,0
Z84007,245,187,58
Z84010,15688,15055,633
Z84013,296,280,16
Z84014,5508,5337,171
Z84015,20415,19391,1024
Z84017,2268,1421,847
Z84018,30,30,0
Z84020,13186,12400,786
Z84021,2330,1414,916
Z84022,575,278,297
Z84023,307,100,207
Z84024,52,35,17
Z84025,6346,6134,212
Z84026,678,416,262
Z84027,935,229,706
Z84028,2084,260,1824
Z84029,3063,2907,156
Z84031,429,93,336
Z84032,7572,5878,1694
Z84033,356,326,30
Z84034,138,77,61
Z84035,266,186,80
Z84036,2917,2079,838
Z84037,9959,9748,211
Z84038,343,90,253
Z84039,359,281,78
Z84040,7341,7053,288
Z84041,15748,15166,582
Z84042,2701,2566,135
Z84043,14759,14180,579
Z84044,8362,7950,412
Z84045,5088,5018,70
Z84046,819,163,656
Z84047,13277,12381,896
Z84049,2725,1552,1173
Z84050,3170,2994,176
Z84051,125,115,10
Z84052,592,471,121
Z84053,402,349,53
Z84054,5883,5685,198
Z84055,1611,412,1199
Z84056,983,903,80
Z84057,11422,10851,571
Z84058,10178,9654,524
Z84060,9776,3273,6503
Z84061,207,171,36
Z84062,12738,12198,540
Z84063,175,155,20
Z84064,273,216,57
Z84065,11187,10843,344
Z84066,4197,3740,457
Z84067,12703,12241,462
Z84069,243,216,27
Z84070,9576,9164,412
Z84071,452,418,34
Z84072,393,156,237
Z84073,81,53,28
Z84074,15025,14226,799
Z84075,7229,6991,238
Z84076,122,113,9
Z84078,10257,9083,1174
Z84080,105,86,19
Z84081,12642,12229,413
Z84082,298,239,59
Z84083,624,467,157
Z84084,12226,11637,589
Z84085,186,133,53
Z84086,161,74,87
Z84087,4622,4519,103
Z84088,11518,11011,507
Z84092,9583,8757,826
Z84093,7516,7344,172
Z84094,9125,8835,290
Z84095,18116,17021,1095
Z84096,10231,9492,739
Z84097,6281,5931,350
Z84098,9836,6564,3272
Z84101,2986,2590,396
Z84102,9584,8655,929
Z84103,11471,10230,1241
Z84104,8053,7498,555
Z84105,9882,9341,541
Z84106,14709,13995,714
Z84107,14585,13755,830
Z84108,8351,7686,665
Z84109,9186,8461,725
Z84111,6593,6162,431
Z84112,277,266,11
Z84113,0,0,0
Z84115,10948,10385,563
Z84116,11024,10592,432
Z84117,10938,10423,515
Z84118,19826,19040,786
Z84119,17269,16124,1145
Z84120,13706,13203,503
Z84121,17108,15590,1518
Z84123,14272,13942,330
Z84124,8418,8049,369
Z84128,7345,7048,297
Z84144,351,116,235
Z84180,0,0,0
Z84301,316,299,17
Z84302,8489,7912,577
Z84304,0,0,0
Z84305,235,204,31
Z84306,140,140,0
Z84307,530,468,62
Z84308,130,126,4
Z84309,185,167,18
Z84310,2725,1502,1223
Z84311,313,274,39
Z84312,1236,1135,101
Z84313,66,20,46
Z84314,352,336,16
Z84315,2410,2364,46
Z84316,143,94,49
Z84317,1764,845,919
Z84318,1205,1167,38
Z84319,2366,2105,261
Z84320,839,785,54
Z84321,15325,14024,1301
Z84324,245,233,12
Z84325,658,631,27
Z84326,523,504,19
Z84327,300,293,7
Z84328,568,515,53
Z84329,129,48,81
Z84330,191,147,44
Z84331,130,111,19
Z84332,2421,2339,82
Z84333,921,887,34
Z84334,161,161,0
Z84335,3780,3588,192
Z84336,111,82,29
Z84337,3845,3625,220
Z84338,163,144,19
Z84339,1554,1420,134
Z84340,1235,1130,105
Z84341,7516,6953,563
Z84401,14479,12922,1557
Z84403,14071,13116,955
Z84404,20396,19361,1035
Z84405,11698,10924,774
Z84414,9292,8790,502
Z84501,5284,4701,583
Z84511,1517,1260,257
Z84512,623,366,257
Z84513,611,543,68
Z84515,0,0,0
Z84516,76,54,22
Z84518,328,274,54
Z84520,695,492,203
Z84521,261,238,23
Z84522,152,121,31
Z84523,669,559,110
Z84525,500,401,99
Z84526,2518,1706,812
Z84528,1077,864,213
Z84529,196,67,129
Z84530,336,191,145
Z84531,263,170,93
Z84532,5077,3916,1161
Z84533,281,61,220
Z84534,837,491,346
Z84535,1202,829,373
Z84536,584,367,217
Z84537,796,477,319
Z84539,166,139,27
Z84540,121,19,102
Z84542,785,700,85
Z84601,11207,10674,533
Z84604,12937,11687,1250
Z84606,10625,10306,319
Z84620,403,365,38
Z84621,105,105,0
Z84622,496,448,48
Z84623,133,120,13
Z84624,2156,1900,256
Z84626,70,70,0
Z84627,2086,1849,237
Z84628,350,290,60
Z84629,2009,907,1102
Z84630,151,112,39
Z84631,1239,1015,224
Z84632,395,338,57
Z84633,343,321,22
Z84634,436,341,95
Z84635,302,256,46
Z84636,215,157,58
Z84637,299,211,88
Z84638,107,99,8
Z84639,327,292,35
Z84640,60,45,15
Z84642,1222,1138,84
Z84643,222,177,45
Z84645,743,677,66
Z84646,640,579,61
Z84647,1771,1290,481
Z84648,2041,1806,235
Z84649,334,301,33
Z84651,6983,6665,318
Z84652,293,263,30
Z84653,2335,2293,42
Z84654,1324,1020,304
Z84655,2895,2809,86
Z84656,188,146,42
Z84657,219,202,17
Z84660,10932,10521,411
Z84662,520,388,132
Z84663,9542,9120,422
Z84664,2207,2148,59
Z84665,160,108,52
Z84667,115,97,18
Z84701,3465,2929,536
Z84710,182,36,146
Z84711,223,201,22
Z84712,157,87,70
Z84713,1758,1263,495
Z84714,362,186,176
Z84715,214,162,52
Z84716,207,90,117
Z84718,81,56,25
Z84719,2049,26,2023
Z84720,7872,6715,1157
Z84721,7447,6514,933
Z84722,367,280,87
Z84723,342,255,87
Z84724,491,433,58
Z84725,649,471,178
Z84726,472,310,162
Z84728,23,23,0
Z84729,165,100,65
Z84730,86,74,12
Z84731,40,40,0
Z84732,38,15,23
Z84733,67,67,0
Z84734,83,65,18
Z84735,329,113,216
Z84736,105,83,22
Z84737,6262,5204,1058
Z84738,3231,2843,388
Z84739,203,165,38
Z84740,105,63,42
Z84741,2849,2302,547
Z84742,89,83,6
Z84743,19,10,9
Z84744,222,101,121
Z84745,1340,1271,69
Z84746,481,391,90
Z84747,518,314,204
Z84749,133,106,27
Z84750,326,182,144
Z84751,741,620,121
Z84752,381,333,48
Z84753,33,22,11
Z84754,1454,1260,194
Z84755,83,21,62
Z84756,218,120,98
Z84757,398,330,68
Z84758,286,216,70
Z84759,1524,692,832
Z84760,340,226,114
Z84761,1496,1126,370
Z84762,2441,96,2345
Z84763,191,132,59
Z84764,222,57,165
Z84765,1978,1819,159
Z84766,50,50,0
Z84767,396,225,171
Z84770,18510,13894,4616
Z84772,54,54,0
Z84773,284,95,189
Z84774,589,517,72
Z84775,381,230,151
Z84776,262,227,35
Z84779,535,186,349
Z84780,9354,7493,1861
Z84781,528,53,475
Z84782,283,244,39
Z84783,201,201,0
Z84784,346,294,52
Z84790,15295,13028,2267
Z85003,4831,3945,886
Z85004,2794,2025,769
Z85006,10092,8610,1482
Z85007,5989,4873,1116
Z85008,23410,20588,2822
Z85009,14334,11840,2494
Z85012,3611,3178,433
Z85013,11155,9716,1439
Z85014,14349,11663,2686
Z85015,16975,14216,2759
Z85016,19124,16062,3062
Z85017,13715,11487,2228
Z85018,19181,16508,2673
Z85019,8485,7023,1462
Z85020,17572,14471,3101
Z85021,17817,15236,2581
Z85022,23193,20687,2506
Z85023,13535,11778,1757
Z85024,10238,9677,561
Z85027,16783,14758,2025
Z85028,8690,7960,730
Z85029,18520,16644,1876
Z85031,8922,7392,1530
Z85032,29410,26771,2639
Z85033,16690,15172,1518
Z85034,1990,1495,495
Z85035,15397,13995,1402
Z85037,15038,13373,1665
Z85040,10648,9135,1513
Z85041,18008,16296,1712
Z85042,14910,13089,1821
Z85043,9962,9228,734
Z85044,18565,16691,1874
Z85045,2687,2533,154
Z85048,13777,12808,969
Z85050,12221,11159,1062
Z85051,16629,14510,2119
Z85053,11834,10838,996
Z85054,4055,3114,941
Z85083,6552,6142,410
Z85085,8244,7308,936
Z85086,16049,13802,2247
Z85087,3356,3047,309
Z85118,8294,5686,2608
Z85119,13023,9573,3450
Z85120,17034,12437,4597
Z85121,849,664,185
Z85122,21958,18012,3946
Z85123,4863,3503,1360
Z85128,6001,4862,1139
Z85131,4414,3544,870
Z85132,10956,7952,3004
Z85135,285,207,78
Z85137,1158,911,247
Z85138,13830,11107,2723
Z85139,7078,5700,1378
Z85140,13596,11698,1898
Z85141,170,120,50
Z85142,18389,15719,2670
Z85143,15011,11269,3742
Z85145,840,685,155
Z85147,1529,1247,282
Z85172,610,523,87
Z85173,1293,953,340
Z85192,779,529,250
Z85193,1842,1281,561
Z85194,3727,2907,820
Z85201,21827,19043,2784
Z85202,17300,15158,2142
Z85203,13270,11930,1340
Z85204,23429,21010,2419
Z85205,22246,17544,4702
Z85206,18251,14634,3617
Z85207,20498,17043,3455
Z85208,18612,14473,4139
Z85209,19688,15722,3966
Z85210,14943,13292,1651
Z85212,8587,7694,893
Z85213,14399,12092,2307
Z85215,9013,6763,2250
Z85224,18832,17670,1162
Z85225,27760,25639,2121
Z85226,15605,14623,982
Z85233,14427,13322,1105
Z85234,17578,16701,877
Z85248,17616,14676,2940
Z85249,15049,13288,1761
Z85250,10093,8552,1541
Z85251,22888,18469,4419
Z85253,8643,7147,1496
Z85254,19942,17845,2097
Z85255,19631,15551,4080
Z85256,1843,1468,375
Z85257,14344,12767,1577
Z85258,15709,11660,4049
Z85259,10864,9165,1699
Z85260,20327,16924,3403
Z85262,7254,4488,2766
Z85263,2027,1215,812
Z85264,346,318,28
Z85266,6177,4845,1332
Z85268,14250,11075,3175
Z85281,25051,21275,3776
Z85282,23165,20486,2679
Z85283,19891,18304,1587
Z85284,6469,6309,160
Z85286,14036,13263,773
Z85295,14880,13525,1355
Z85296,13907,13195,712
Z85297,9503,8984,519
Z85298,9796,8695,1101
Z85301,24184,20575,3609
Z85302,16099,13672,2427
Z85303,10063,8669,1394
Z85304,9844,9348,496
Z85305,4613,4084,529
Z85306,9618,8681,937
Z85307,3378,2817,561
Z85308,26272,24052,2220
Z85309,0,0,0
Z85310,7084,6630,454
Z85320,523,329,194
Z85321,2724,1904,820
Z85322,339,256,83
Z85323,12606,11197,1409
Z85324,1601,1047,554
Z85325,933,514,419
Z85326,17323,14811,2512
Z85328,297,145,152
Z85331,12577,10799,1778
Z85332,1170,668,502
Z85333,320,179,141
Z85334,922,437,485
Z85335,11046,9777,1269
Z85336,225,176,49
Z85337,1026,830,196
Z85338,16896,14645,2251
Z85339,12683,11246,1437
Z85340,10201,9088,1113
Z85341,41,16,25
Z85342,838,589,249
Z85343,92,75,17
Z85344,7344,4011,3333
Z85345,23221,20857,2364
Z85346,4161,2598,1563
Z85347,410,277,133
Z85348,1858,1235,623
Z85349,8736,8108,628
Z85350,6198,5774,424
Z85351,21906,17401,4505
Z85352,239,155,84
Z85353,10554,9450,1104
Z85354,2785,2000,785
Z85355,3497,2995,502
Z85356,2790,2023,767
Z85357,370,223,147
Z85360,216,105,111
Z85361,2599,1979,620
Z85362,600,325,275
Z85363,2589,2271,318
Z85364,31101,26286,4815
Z85365,24076,17836,6240
Z85367,15282,9851,5431
Z85371,219,202,17
Z85373,10712,8885,1827
Z85374,26641,20507,6134
Z85375,20343,16121,4222
Z85377,2336,1609,727
Z85379,14503,13020,1483
Z85381,10782,9502,1280
Z85382,18961,16530,2431
Z85383,15214,13081,2133
Z85387,5514,4675,839
Z85388,8790,7707,1083
Z85390,5279,4097,1182
Z85392,13630,12137,1493
Z85395,11129,9649,1480
Z85396,6440,4980,1460
Z85501,6337,5263,1074
Z85530,527,441,86
Z85531,162,155,7
Z85533,1507,1047,460
Z85534,1420,1053,367
Z85535,0,0,0
Z85536,205,149,56
Z85539,2374,1970,404
Z85540,1411,1082,329
Z85541,14982,9415,5567
Z85542,883,746,137
Z85543,1453,1205,248
Z85544,4047,847,3200
Z85545,583,224,359
Z85546,7321,6064,1257
Z85550,1371,1143,228
Z85551,131,105,26
Z85552,2485,2178,307
Z85553,1231,741,490
Z85554,748,268,480
Z85601,454,334,120
Z85602,4985,4174,811
Z85603,4499,3281,1218
Z85605,331,208,123
Z85606,803,556,247
Z85607,5899,4548,1351
Z85608,0,0,0
Z85609,177,162,15
Z85610,726,454,272
Z85611,690,460,230
Z85613,929,793,136
Z85614,15947,12174,3773
Z85615,4352,3891,461
Z85616,2684,2283,401
Z85617,744,575,169
Z85618,809,578,231
Z85619,413,32,381
Z85620,340,257,83
Z85621,8326,7166,1160
Z85622,5244,3770,1474
Z85623,2419,2022,397
Z85624,912,641,271
Z85625,1398,957,441
Z85626,416,353,63
Z85627,461,397,64
Z85629,8491,7577,914
Z85630,1203,983,220
Z85631,1616,1318,298
Z85632,680,421,259
Z85633,52,17,35
Z85634,2274,1496,778
Z85635,16924,14370,2554
Z85637,763,605,158
Z85638,1302,958,344
Z85640,272,213,59
Z85641,8886,8011,875
Z85643,4443,3460,983
Z85645,906,726,180
Z85646,1255,859,396
Z85648,6179,5598,581
Z85650,7223,6196,1027
Z85653,5778,4920,858
Z85654,57,57,0
Z85658,4909,4232,677
Z85701,3206,2794,412
Z85704,15924,13910,2014
Z85705,28231,24124,4107
Z85706,18508,16618,1890
Z85707,0,0,0
Z85708,1260,1187,73
Z85710,28045,25075,2970
Z85711,19529,16923,2606
Z85712,18409,16035,2374
Z85713,19205,16428,2777
Z85714,5727,5063,664
Z85715,9187,8147,1040
Z85716,18138,15657,2481
Z85718,15255,12844,2411
Z85719,19872,17027,2845
Z85723,0,0,0
Z85724,0,0,0
Z85726,0,0,0
Z85730,16926,15677,1249
Z85735,4419,4037,382
Z85736,2206,1609,597
Z85737,9880,8901,979
Z85739,9298,7866,1432
Z85741,14341,13319,1022
Z85742,10385,9540,845
Z85743,11781,11062,719
Z85745,16843,15071,1772
Z85746,15873,13911,1962
Z85747,8705,8226,479
Z85748,7897,7332,565
Z85749,8470,7664,806
Z85750,13316,11085,2231
Z85755,8018,6602,1416
Z85756,11935,10236,1699
Z85757,5921,5390,531
Z85901,11521,6500,5021
Z85911,527,437,90
Z85912,141,91,50
Z85920,1004,172,832
Z85922,62,37,25
Z85923,206,144,62
Z85924,1957,1070,887
Z85925,1963,1440,523
Z85926,83,74,9
Z85927,578,67,511
Z85928,1157,479,678
Z85929,6154,3204,2950
Z85930,335,253,82
Z85931,989,104,885
Z85932,476,228,248
Z85933,4752,1046,3706
Z85934,466,196,270
Z85935,6582,2042,4540
Z85936,1723,1251,472
Z85937,2944,2594,350
Z85938,1196,794,402
Z85939,1729,1511,218
Z85940,878,539,339
Z85941,2902,2625,277
Z85942,66,66,0
Z86001,20649,16736,3913
Z86003,13,3,10
Z86004,15658,13607,2051
Z86011,41,41,0
Z86015,83,83,0
Z86016,50,32,18
Z86017,3428,352,3076
Z86018,644,338,306
Z86020,804,609,195
Z86021,827,752,75
Z86022,1015,817,198
Z86023,939,655,284
Z86024,1904,283,1621
Z86025,2207,1869,338
Z86028,22,0,22
Z86029,157,140,17
Z86030,634,373,261
Z86031,749,559,190
Z86032,483,378,105
Z86033,3237,1974,1263
Z86034,917,551,366
Z86035,623,521,102
Z86036,321,144,177
Z86038,190,7,183
Z86039,683,423,260
Z86040,3901,3148,753
Z86042,657,492,165
Z86043,635,494,141
Z86044,1604,1048,556
Z86045,3711,3091,620
Z86046,3868,2527,1341
Z86047,5122,4264,858
Z86052,43,8,35
Z86053,754,561,193
Z86054,814,497,317
Z86301,10952,9634,1318
Z86303,12025,8516,3509
Z86305,9899,8110,1789
Z86313,0,0,0
Z86314,14662,13678,984
Z86315,2996,2746,250
Z86320,1286,824,462
Z86321,1039,792,247
Z86322,5334,4695,639
Z86323,7639,6618,1021
Z86324,2015,1931,84
Z86325,2670,2256,414
Z86326,11300,9991,1309
Z86327,5345,4194,1151
Z86329,467,324,143
Z86331,474,377,97
Z86332,1036,730,306
Z86333,3284,2559,725
Z86334,1998,1655,343
Z86335,2773,2476,297
Z86336,7443,5801,1642
Z86337,1131,530,601
Z86338,373,241,132
Z86343,303,66,237
Z86351,4347,3251,1096
Z86401,11292,9391,1901
Z86403,10657,6858,3799
Z86404,11153,7592,3561
Z86406,13937,10074,3863
Z86409,12318,10666,1652
Z86411,243,106,137
Z86413,5569,4756,813
Z86426,7270,5572,1698
Z86429,5322,3423,1899
Z86431,325,155,170
Z86432,2160,1239,921
Z86433,126,85,41
Z86434,479,367,112
Z86435,36,16,20
Z86436,1414,672,742
Z86437,49,35,14
Z86438,662,399,263
Z86440,4663,2828,1835
Z86441,1646,1080,566
Z86442,19571,13863,5708
Z86443,125,0,125
Z86444,1374,401,973
Z86445,267,189,78
Z86502,636,322,314
Z86503,4313,2835,1478
Z86504,2276,1545,731
Z86505,3360,2063,1297
Z86506,540,358,182
Z86507,1104,512,592
Z86508,327,209,118
Z86510,2171,1406,765
Z86511,1461,876,585
Z86512,929,603,326
Z86514,1419,680,739
Z86515,1744,1239,505
Z86520,895,495,400
Z86535,462,266,196
Z86538,1047,609,438
Z86540,509,278,231
Z86544,650,326,324
Z86545,554,329,225
Z86547,435,280,155
Z86556,854,385,469
Z87001,997,898,99
Z87002,9251,8049,1202
Z87004,4223,3729,494
Z87005,453,320,133
Z87006,294,259,35
Z87007,376,282,94
Z87008,1313,1136,177
Z87010,703,571,132
Z87011,61,22,39
Z87012,199,92,107
Z87013,2047,1349,698
Z87014,359,235,124
Z87015,5669,4553,1116
Z87016,1537,1078,459
Z87017,256,157,99
Z87018,197,134,63
Z87020,4299,3773,526
Z87021,1178,976,202
Z87022,510,373,137
Z87023,321,237,84
Z87024,624,533,91
Z87025,1182,569,613
Z87026,1414,1158,256
Z87027,230,157,73
Z87028,118,65,53
Z87029,216,117,99
Z87031,16741,15001,1740
Z87032,89,37,52
Z87034,828,521,307
Z87035,3440,2464,976
Z87036,1146,770,376
Z87037,289,173,116
Z87038,227,186,41
Z87040,232,172,60
Z87041,326,280,46
Z87042,1457,1377,80
Z87043,2805,2418,387
Z87044,221,197,24
Z87045,758,477,281
Z87046,176,23,153
Z87047,2307,1909,398
Z87048,3828,3603,225
Z87049,382,276,106
Z87051,479,358,121
Z87052,627,568,59
Z87053,366,286,80
Z87056,546,425,121
Z87059,4493,3817,676
Z87061,165,126,39
Z87062,814,424,390
Z87063,148,84,64
Z87064,153,70,83
Z87068,1900,1793,107
Z87070,39,39,0
Z87072,195,157,38
Z87083,311,283,28
Z87102,10373,8886,1487
Z87104,5862,5374,488
Z87105,21416,19341,2075
Z87106,13030,11720,1310
Z87107,14001,13082,919
Z87108,19302,17028,2274
Z87109,19511,17913,1598
Z87110,19068,17037,2031
Z87111,27346,25529,1817
Z87112,20109,18408,1701
Z87113,6225,5771,454
Z87114,25570,24087,1483
Z87116,1323,1270,53
Z87117,0,0,0
Z87120,23963,22843,1120
Z87121,24055,22478,1577
Z87122,7360,6879,481
Z87123,18846,17396,1450
Z87124,21465,19876,1589
Z87144,14446,13208,1238
Z87301,8526,6723,1803
Z87305,1317,849,468
Z87310,413,245,168
Z87311,1312,930,382
Z87312,226,135,91
Z87313,2272,1452,820
Z87315,86,59,27
Z87316,475,338,137
Z87317,523,350,173
Z87319,764,526,238
Z87320,264,182,82
Z87321,1185,619,566
Z87322,58,45,13
Z87323,2080,1265,815
Z87325,1379,799,580
Z87326,687,457,230
Z87327,2298,1959,339
Z87328,1107,677,430
Z87347,164,114,50
Z87357,305,238,67
Z87364,534,298,236
Z87375,987,692,295
Z87401,17547,14879,2668
Z87402,3941,3616,325
Z87410,7499,6527,972
Z87412,440,298,142
Z87413,6269,5273,996
Z87415,723,613,110
Z87416,1613,1331,282
Z87417,2280,1751,529
Z87418,418,389,29
Z87419,382,139,243
Z87420,4105,3131,974
Z87421,614,495,119
Z87455,745,497,248
Z87461,791,413,378
Z87499,222,131,91
Z87501,10715,8370,2345
Z87505,17074,14175,2899
Z87506,7068,5775,1293
Z87507,18527,17185,1342
Z87508,8422,7738,684
Z87510,466,278,188
Z87511,1096,797,299
Z87512,238,57,181
Z87513,388,331,57
Z87514,678,309,369
Z87515,190,148,42
Z87516,66,30,36
Z87517,328,102,226
Z87518,63,37,26
Z87519,339,233,106
Z87520,1191,440,751
Z87521,657,513,144
Z87522,1457,994,463
Z87523,189,118,71
Z87524,147,43,104
Z87525,319,28,291
Z87527,342,318,24
Z87528,1275,928,347
Z87529,2643,1996,647
Z87530,417,373,44
Z87531,279,172,107
Z87532,8081,6721,1360
Z87533,52,52,0
Z87535,527,369,158
Z87537,1261,930,331
Z87538,330,219,111
Z87539,186,109,77
Z87540,546,451,95
Z87543,145,145,0
Z87544,8313,7615,698
Z87548,466,292,174
Z87549,607,404,203
Z87551,486,157,329
Z87552,1907,1380,527
Z87553,632,449,183
Z87554,13,13,0
Z87556,1441,1011,430
Z87557,3113,2671,442
Z87558,1442,201,1241
Z87560,874,502,372
Z87562,315,254,61
Z87564,132,132,0
Z87565,315,238,77
Z87566,1231,948,283
Z87567,796,654,142
Z87569,196,151,45
Z87571,6454,4643,1811
Z87573,388,31,357
Z87574,108,94,14
Z87575,572,253,319
Z87577,371,101,270
Z87578,373,215,158
Z87579,607,253,354
Z87580,490,258,232
Z87581,155,0,155
Z87582,511,465,46
Z87583,129,66,63
Z87701,8929,7190,1739
Z87710,3050,753,2297
Z87711,374,185,189
Z87712,206,130,76
Z87713,324,80,244
Z87714,561,494,67
Z87715,446,245,201
Z87718,663,180,483
Z87722,396,148,248
Z87723,198,106,92
Z87724,12,0,12
Z87728,228,146,82
Z87729,73,41,32
Z87730,18,8,10
Z87731,257,119,138
Z87732,771,413,358
Z87733,132,45,87
Z87734,239,111,128
Z87735,38,18,20
Z87736,208,124,84
Z87740,4190,3242,948
Z87742,551,238,313
Z87743,248,114,134
Z87745,433,235,198
Z87746,148,37,111
Z87747,831,592,239
Z87749,409,82,327
Z87750,13,0,13
Z87752,363,255,108
Z87753,19,13,6
Z87801,3987,2791,1196
Z87820,156,42,114
Z87821,796,292,504
Z87823,576,365,211
Z87824,318,111,207
Z87825,1385,581,804
Z87827,206,97,109
Z87828,333,228,105
Z87829,1030,304,726
Z87830,871,464,407
Z87831,153,84,69
Z87832,400,241,159
Z87901,4579,3063,1516
Z87930,411,289,122
Z87931,354,224,130
Z87933,11,0,11
Z87935,1835,742,1093
Z87936,230,134,96
Z87937,1072,875,197
Z87939,74,44,30
Z87940,253,157,96
Z87941,303,303,0
Z87942,626,477,149
Z87943,241,78,163
Z88001,15505,13616,1889
Z88002,615,452,163
Z88003,0,0,0
Z88004,0,0,0
Z88005,12112,11265,847
Z88007,9434,8494,940
Z88008,2406,2242,164
Z88009,91,32,59
Z88011,13849,12208,1641
Z88012,10347,9486,861
Z88020,451,307,144
Z88021,6119,5469,650
Z88022,590,448,142
Z88023,1170,1001,169
Z88024,87,87,0
Z88025,175,142,33
Z88026,688,544,144
Z88027,215,170,45
Z88028,242,197,45
Z88029,898,557,341
Z88030,10074,8487,1587
Z88032,100,100,0
Z88033,15,15,0
Z88034,79,79,0
Z88038,249,119,130
Z88039,374,74,300
Z88040,101,57,44
Z88041,808,591,217
Z88042,205,112,93
Z88043,834,679,155
Z88044,1460,1337,123
Z88045,1639,1347,292
Z88046,461,363,98
Z88047,811,739,72
Z88048,1095,1019,76
Z88049,245,175,70
Z88051,24,24,0
Z88052,90,70,20
Z88053,61,61,0
Z88055,53,19,34
Z88056,187,135,52
Z88061,9001,7608,1393
Z88063,3786,3474,312
Z88065,339,295,44
Z88072,660,601,59
Z88081,4584,3877,707
Z88101,19193,17001,2192
Z88103,0,0,0
Z88112,85,57,28
Z88113,13,13,0
Z88114,18,6,12
Z88115,24,19,5
Z88116,240,179,61
Z88118,136,113,23
Z88119,888,496,392
Z88120,91,64,27
Z88121,122,46,76
Z88124,606,462,144
Z88125,33,24,9
Z88126,19,17,2
Z88130,7662,6656,1006
Z88132,119,91,28
Z88134,50,11,39
Z88135,705,624,81
Z88136,29,13,16
Z88201,11236,9966,1270
Z88203,12322,10851,1471
Z88210,7424,6442,982
Z88220,14526,13134,1392
Z88230,1935,1619,316
Z88231,1360,1180,180
Z88232,825,690,135
Z88240,14082,11951,2131
Z88242,2635,2447,188
Z88250,95,52,43
Z88252,1028,777,251
Z88253,400,343,57
Z88254,21,21,0
Z88255,34,34,0
Z88256,875,758,117
Z88260,5252,4567,685
Z88262,23,8,15
Z88263,70,49,21
Z88264,11,11,0
Z88265,87,55,32
Z88267,621,447,174
Z88268,51,51,0
Z88301,869,570,299
Z88310,16942,14753,2189
Z88311,691,549,142
Z88312,3044,1259,1785
Z88314,85,70,15
Z88316,1224,806,418
Z88317,2810,627,2183
Z88318,281,149,132
Z88321,143,48,95
Z88323,0,0,0
Z88324,137,110,27
Z88325,483,320,163
Z88330,1161,1058,103
Z88336,183,131,52
Z88337,1214,1003,211
Z88338,145,83,62
Z88339,669,250,419
Z88340,975,812,163
Z88341,271,189,82
Z88342,48,48,0
Z88343,23,14,9
Z88344,82,34,48
Z88345,9644,3837,5807
Z88346,1576,1157,419
Z88347,246,55,191
Z88348,154,120,34
Z88349,12,12,0
Z88350,804,237,567
Z88351,135,67,68
Z88352,2575,2024,551
Z88353,311,116,195
Z88354,169,47,122
Z88355,0,0,0
Z88401,3742,2578,1164
Z88410,101,29,72
Z88411,63,26,37
Z88414,24,15,9
Z88415,1668,1159,509
Z88416,555,21,534
Z88417,44,31,13
Z88418,180,123,57
Z88419,163,92,71
Z88421,44,31,13
Z88422,76,48,28
Z88424,86,41,45
Z88426,1240,470,770
Z88427,77,41,36
Z88430,115,53,62
Z88431,12,0,12
Z88434,213,127,86
Z88435,1594,894,700
Z88436,70,70,0
Z89001,541,455,86
Z89002,12159,11127,1032
Z89003,811,441,370
Z89004,172,138,34
Z89005,7581,6366,1215
Z89007,419,346,73
Z89008,698,475,223
Z89010,362,252,110
Z89011,10015,7641,2374
Z89012,13932,12254,1678
Z89013,411,178,233
Z89014,16644,15071,1573
Z89015,16139,14524,1615
Z89017,60,53,7
Z89018,525,419,106
Z89019,1205,861,344
Z89020,460,344,116
Z89021,1175,1025,150
Z89022,120,33,87
Z89025,449,358,91
Z89026,0,0,0
Z89027,9417,6978,2439
Z89029,5455,3810,1645
Z89030,15757,13201,2556
Z89031,21587,19770,1817
Z89032,15213,13642,1571
Z89039,153,105,48
Z89040,1857,1196,661
Z89042,653,535,118
Z89043,718,365,353
Z89044,8674,7811,863
Z89045,810,703,107
Z89046,468,218,250
Z89047,117,35,82
Z89048,10086,8239,1847
Z89049,1799,1188,611
Z89052,22910,20403,2507
Z89054,36,36,0
Z89060,4897,4011,886
Z89061,2640,2214,426
Z89074,20760,18633,2127
Z89081,11147,9819,1328
Z89084,9583,8398,1185
Z89085,1281,1196,85
Z89086,2052,1945,107
Z89101,18318,13617,4701
Z89102,16725,13739,2986
Z89103,26786,21368,5418
Z89104,16279,13911,2368
Z89106,10349,8785,1564
Z89107,13917,12256,1661
Z89108,28370,24688,3682
Z89109,14091,3792,10299
Z89110,23074,20852,2222
Z89113,11976,10220,1756
Z89115,21673,17520,4153
Z89117,26754,22106,4648
Z89118,10031,8198,1833
Z89119,25654,20026,5628
Z89120,10118,9342,776
Z89121,28168,23692,4476
Z89122,20065,17299,2766
Z89123,27823,22818,5005
Z89124,730,345,385
Z89128,16772,14610,2162
Z89129,21114,19422,1692
Z89130,13286,12152,1134
Z89131,16792,15351,1441
Z89134,12901,11726,1175
Z89135,12645,10695,1950
Z89138,5362,4738,624
Z89139,13154,11438,1716
Z89141,10611,9477,1134
Z89142,11474,10089,1385
Z89143,4389,3887,502
Z89144,8252,7154,1098
Z89145,10952,9329,1623
Z89146,8006,6558,1448
Z89147,21902,18387,3515
Z89148,18034,15610,2424
Z89149,15069,13105,1964
Z89156,10520,8791,1729
Z89161,115,37,78
Z89166,5411,4642,769
Z89169,12819,9190,3629
Z89178,12652,10937,1715
Z89179,1621,1426,195
Z89183,15637,13830,1807
Z89191,0,0,0
Z89301,3222,2368,854
Z89310,380,251,129
Z89311,125,49,76
Z89314,159,142,17
Z89316,820,591,229
Z89317,223,135,88
Z89318,645,487,158
Z89319,222,109,113
Z89402,36,0,36
Z89403,6086,5627,459
Z89404,23,23,0
Z89405,52,10,42
Z89406,10738,9475,1263
Z89408,7806,6886,920
Z89409,99,77,22
Z89410,4891,4405,486
Z89411,629,413,216
Z89412,216,154,62
Z89413,815,254,561
Z89414,239,179,60
Z89415,2154,1602,552
Z89418,162,81,81
Z89419,1841,1620,221
Z89420,63,19,44
Z89421,278,202,76
Z89422,94,23,71
Z89423,4710,4376,334
Z89424,137,105,32
Z89425,297,243,54
Z89426,283,135,148
Z89427,380,329,51
Z89428,116,78,38
Z89429,3367,2774,593
Z89430,225,142,83
Z89431,15383,13792,1591
Z89433,7131,6514,617
Z89434,10859,10104,755
Z89436,15012,14203,809
Z89438,46,8,38
Z89439,775,724,51
Z89440,521,471,50
Z89441,4372,4082,290
Z89442,442,402,40
Z89444,1343,1155,188
Z89445,6522,5749,773
Z89446,18,18,0
Z89447,4097,3394,703
Z89448,1722,718,1004
Z89449,2251,1486,765
Z89450,151,105,46
Z89451,7719,3895,3824
Z89460,5662,5245,417
Z89501,2993,2327,666
Z89502,19804,17553,2251
Z89503,12293,10920,1373
Z89506,13873,13090,783
Z89508,4680,4291,389
Z89509,17190,15729,1461
Z89510,803,660,143
Z89511,11304,10469,835
Z89512,10999,9450,1549
Z89519,3936,3642,294
Z89521,11274,10189,1085
Z89523,14232,13198,1034
Z89701,10532,9795,737
Z89702,0,0,0
Z89703,4780,4413,367
Z89704,1937,1768,169
Z89705,2159,2091,68
Z89706,8810,7973,837
Z89801,9275,8341,934
Z89815,5194,4986,208
Z89820,2201,1928,273
Z89821,324,212,112
Z89822,1074,762,312
Z89823,90,75,15
Z89825,679,547,132
Z89826,85,27,58
Z89828,260,224,36
Z89830,194,90,104
Z89831,43,16,27
Z89832,646,578,68
Z89833,261,77,184
Z89834,46,33,13
Z89835,918,695,223
Z89883,1490,1346,144
Z90001,14164,13438,726
Z90002,12878,12134,744
Z90003,17595,16287,1308
Z90004,24624,22726,1898
Z90005,16831,15823,1008
Z90006,20590,19156,1434
Z90007,12724,11707,1017
Z90008,15614,14370,1244
Z90010,2418,2180,238
Z90011,24202,22734,1468
Z90012,11688,10658,1030
Z90013,7560,6592,968
Z90014,5111,4656,455
Z90015,8678,7683,995
Z90016,18104,17146,958
Z90017,11305,9981,1324
Z90018,17093,15929,1164
Z90019,25626,24313,1313
Z90020,17868,16425,1443
Z90021,1994,1712,282
Z90022,18112,17216,896
Z90023,11692,11125,567
Z90024,19300,17146,2154
Z90025,23120,21934,1186
Z90026,26715,25139,1576
Z90027,23454,21953,1501
Z90028,18062,15873,2189
Z90029,15116,14169,947
Z90031,12118,11430,688
Z90032,13900,13111,789
Z90033,13948,13110,838
Z90034,27422,25769,1653
Z90035,14154,13192,962
Z90036,20175,18602,1573
Z90037,17943,16603,1340
Z90038,12847,11781,1066
Z90039,12443,11443,1000
Z90040,3592,3465,127
Z90041,10080,9591,489
Z90042,21126,19846,1280
Z90043,18010,16631,1379
Z90044,29039,26326,2713
Z90045,16651,15740,911
Z90046,31322,29069,2253
Z90047,17889,16604,1285
Z90048,13016,11957,1059
Z90049,17968,16259,1709
Z90056,3653,3471,182
Z90057,17502,16149,1353
Z90058,855,802,53
Z90059,10700,9933,767
Z90061,7656,7223,433
Z90062,10099,9440,659
Z90063,14305,13390,915
Z90064,11292,10771,521
Z90065,15918,14931,987
Z90066,25557,24434,1123
Z90067,1941,1428,513
Z90068,13892,11845,2047
Z90069,13783,12551,1232
Z90071,0,0,0
Z90073,0,0,0
Z90077,3838,3341,497
Z90079,0,0,0
Z90089,5,5,0
Z90090,0,0,0
Z90094,3261,3100,161
Z90095,0,0,0
Z90201,24913,24107,806
Z90210,9478,8398,1080
Z90211,4017,3514,503
Z90212,6134,5716,418
Z90220,14013,13182,831
Z90221,12617,11886,731
Z90222,8334,7832,502
Z90230,13456,12915,541
Z90232,6869,6388,481
Z90240,7589,7181,408
Z90241,13860,13440,420
Z90242,12684,12117,567
Z90245,7203,6747,456
Z90247,16897,16053,844
Z90248,3631,3432,199
Z90249,9044,8739,305
Z90250,33481,31813,1668
Z90254,10460,9197,1263
Z90255,19085,18456,629
Z90260,11048,10501,547
Z90262,15729,15134,595
Z90263,0,0,0
Z90265,9442,7206,2236
Z90266,15321,13644,1677
Z90270,6558,6378,180
Z90272,9817,9185,632
Z90274,10149,9442,707
Z90275,16720,15861,859
Z90277,17537,16081,1456
Z90278,16329,15430,899
Z90280,24165,23398,767
Z90290,2820,2347,473
Z90291,15533,13779,1754
Z90292,13763,11963,1800
Z90293,6880,6689,191
Z90301,12673,12150,523
Z90302,11595,10859,736
Z90303,7716,7327,389
Z90304,6891,6535,356
Z90305,6236,5854,382
Z90401,5164,4686,478
Z90402,5804,5165,639
Z90403,15041,13719,1322
Z90404,10615,9808,807
Z90405,15387,14254,1133
Z90501,15319,14218,1101
Z90502,6206,5641,565
Z90503,18267,17270,997
Z90504,12178,11465,713
Z90505,14793,14195,598
Z90506,0,0,0
Z90601,11525,11058,467
Z90602,8558,8116,442
Z90603,6797,6492,305
Z90604,12388,11940,448
Z90605,11055,10551,504
Z90606,8905,8539,366
Z90620,13188,12862,326
Z90621,10555,10039,516
Z90623,5079,5021,58
Z90630,16263,15961,302
Z90631,22213,21351,862
Z90638,14934,14517,417
Z90640,21441,19826,1615
Z90650,28391,27225,1166
Z90660,17209,16594,615
Z90670,4883,4638,245
Z90680,9560,9163,397
Z90701,4715,4558,157
Z90703,15782,15145,637
Z90704,2287,1340,947
Z90706,24737,23176,1561
Z90710,9310,8922,388
Z90712,11241,10605,636
Z90713,9725,9360,365
Z90715,6305,5865,440
Z90716,4002,3856,146
Z90717,9076,8536,540
Z90720,7998,7748,250
Z90723,14395,13844,551
Z90731,24205,22189,2016
Z90732,9115,8431,684
Z90740,13806,12375,1431
Z90742,477,360,117
Z90743,282,166,116
Z90744,14847,14272,575
Z90745,15729,15126,603
Z90746,8211,8047,164
Z90747,0,0,0
Z90755,4183,4028,155
Z90802,23008,20636,2372
Z90803,18240,16995,1245
Z90804,15536,14682,854
Z90805,27794,26108,1686
Z90806,13153,12403,750
Z90807,13364,12677,687
Z90808,14449,14119,330
Z90810,9554,9179,375
Z90813,17769,16575,1194
Z90814,9577,9263,314
Z90815,15129,14479,650
Z90822,0,0,0
Z90831,0,0,0
Z91001,13610,12725,885
Z91006,11295,10435,860
Z91007,12813,11808,1005
Z91008,649,468,181
Z91010,8133,7875,258
Z91011,7053,6604,449
Z91016,15416,14476,940
Z91020,3630,3216,414
Z91024,4925,4538,387
Z91030,11037,10260,777
Z91040,7582,7085,497
Z91042,10587,9977,610
Z91046,151,151,0
Z91101,11722,10803,919
Z91103,8886,8324,562
Z91104,13760,12964,796
Z91105,5792,5354,438
Z91106,11523,10578,945
Z91107,13509,12406,1103
Z91108,5006,4646,360
Z91201,8507,8183,324
Z91202,9241,8716,525
Z91203,5230,4812,418
Z91204,6067,5824,243
Z91205,14664,14193,471
Z91206,13737,12925,812
Z91207,4272,3962,310
Z91208,6229,5847,382
Z91210,320,258,62
Z91214,10981,10453,528
Z91301,9685,9246,439
Z91302,9634,9135,499
Z91303,10158,9466,692
Z91304,17814,16999,815
Z91306,14977,14447,530
Z91307,8790,8581,209
Z91311,14319,13715,604
Z91316,13048,12335,713
Z91320,15320,15037,283
Z91321,11328,10973,355
Z91324,10144,9552,592
Z91325,12430,11775,655
Z91326,12638,12357,281
Z91330,0,0,0
Z91331,23246,22406,840
Z91335,24637,23433,1204
Z91340,8790,8341,449
Z91342,25490,24189,1301
Z91343,17984,17294,690
Z91344,17686,17049,637
Z91345,5432,5125,307
Z91350,11410,11272,138
Z91351,10437,10113,324
Z91352,12773,12270,503
Z91354,10100,9659,441
Z91355,13071,12700,371
Z91356,12119,11259,860
Z91360,15458,15006,452
Z91361,9019,8539,480
Z91362,14103,13592,511
Z91364,11079,10243,836
Z91367,18694,17489,1205
Z91371,0,0,0
Z91377,5510,5388,122
Z91381,6752,6540,212
Z91384,7318,7060,258
Z91387,14138,13470,668
Z91390,6719,6420,299
Z91401,15640,14904,736
Z91402,19447,18662,785
Z91403,11880,11336,544
Z91405,17791,16953,838
Z91406,18492,17749,743
Z91411,9974,9520,454
Z91423,16029,15184,845
Z91436,5796,5382,414
Z91501,8163,7760,403
Z91502,5679,5241,438
Z91504,9656,9314,342
Z91505,13460,12978,482
Z91506,7590,7208,382
Z91601,17662,16615,1047
Z91602,10129,9276,853
Z91604,15356,14297,1059
Z91605,16546,15694,852
Z91606,15925,15197,728
Z91607,14087,13354,733
Z91608,0,0,0
Z91701,13266,12832,434
Z91702,15815,14794,1021
Z91706,19062,18010,1052
Z91708,369,369,0
Z91709,24686,23696,990
Z91710,22857,21534,1323
Z91711,12739,11922,817
Z91722,10362,10022,340
Z91723,6439,6168,271
Z91724,8432,8084,348
Z91730,24219,22957,1262
Z91731,9466,8692,774
Z91732,17492,16430,1062
Z91733,11809,11145,664
Z91737,8368,8244,124
Z91739,11606,11317,289
Z91740,8577,8383,194
Z91741,9184,8745,439
Z91744,19154,18358,796
Z91745,16972,16030,942
Z91746,6822,6607,215
Z91748,14164,13476,688
Z91750,12395,11888,507
Z91752,8605,8066,539
Z91754,11708,10669,1039
Z91755,8995,8437,558
Z91759,351,207,144
Z91761,17123,16322,801
Z91762,17749,16696,1053
Z91763,11231,10411,820
Z91764,16508,15163,1345
Z91765,15820,14978,842
Z91766,19054,18002,1052
Z91767,14801,14060,741
Z91768,8562,8220,342
Z91770,18054,17085,969
Z91773,12753,12074,679
Z91775,8677,8270,407
Z91776,12617,11544,1073
Z91780,12112,11417,695
Z91784,9508,9151,357
Z91786,20531,19061,1470
Z91789,13619,12853,766
Z91790,12834,12459,375
Z91791,10496,10010,486
Z91792,9334,8786,548
Z91801,20675,19503,1172
Z91803,10319,9641,678
Z91901,6812,6511,301
Z91902,6351,6009,342
Z91905,836,406,430
Z91906,1393,1121,272
Z91910,28518,25928,2590
Z91911,26369,24503,1866
Z91913,14860,13722,1138
Z91914,5007,4734,273
Z91915,8260,7637,623
Z91916,784,606,178
Z91917,250,204,46
Z91931,199,150,49
Z91932,9823,9014,809
Z91934,486,186,300
Z91935,2989,2677,312
Z91941,12523,12055,468
Z91942,17792,16697,1095
Z91945,8988,8565,423
Z91948,237,26,211
Z91950,17064,15686,1378
Z91962,872,724,148
Z91963,376,376,0
Z91977,19753,18528,1225
Z91978,3332,3113,219
Z91980,142,96,46
Z92003,2007,1687,320
Z92004,2982,1289,1693
Z92007,4781,4516,265
Z92008,12966,11483,1483
Z92009,17119,16355,764
Z92010,5802,5697,105
Z92011,10400,9247,1153
Z92014,6908,5941,967
Z92019,15754,15083,671
Z92020,20177,19371,806
Z92021,23277,21807,1470
Z92024,20663,18964,1699
Z92025,15781,15098,683
Z92026,17772,16804,968
Z92027,16597,16042,555
Z92028,17811,16662,1149
Z92029,7319,6891,428
Z92036,2232,1350,882
Z92037,19971,16796,3175
Z92040,15801,14738,1063
Z92054,17908,15337,2571
Z92055,198,144,54
Z92056,20222,19445,777
Z92057,19741,18615,1126
Z92058,15229,13716,1513
Z92059,439,383,56
Z92060,166,39,127
Z92061,881,596,285
Z92064,16453,15863,590
Z92065,12718,11638,1080
Z92066,196,161,35
Z92067,4152,3198,954
Z92069,15372,14613,759
Z92070,578,425,153
Z92071,20140,19297,843
Z92075,6094,5341,753
Z92078,17821,16890,931
Z92081,10992,10452,540
Z92082,6759,6214,545
Z92083,11260,10818,442
Z92084,15938,15337,601
Z92086,948,663,285
Z92091,654,629,25
Z92101,24932,20531,4401
Z92102,15553,14479,1074
Z92103,19331,17661,1670
Z92104,22396,20739,1657
Z92105,22508,21192,1316
Z92106,7888,7251,637
Z92107,14223,12658,1565
Z92108,11767,10361,1406
Z92109,25924,22421,3503
Z92110,11925,11146,779
Z92111,17483,16893,590
Z92113,13707,12833,874
Z92114,18436,17587,849
Z92115,22609,20596,2013
Z92116,17251,16301,950
Z92117,21487,20785,702
Z92118,10883,8500,2383
Z92119,9707,9502,205
Z92120,11436,10788,648
Z92121,1687,1554,133
Z92122,21097,19468,1629
Z92123,11388,10842,546
Z92124,11459,10705,754
Z92126,24395,23404,991
Z92127,14490,13875,615
Z92128,21153,20121,1032
Z92129,17948,17339,609
Z92130,18872,17998,874
Z92131,11820,11536,284
Z92132,0,0,0
Z92134,0,0,0
Z92135,0,0,0
Z92139,10999,10329,670
Z92140,22,11,11
Z92145,592,560,32
Z92147,0,0,0
Z92154,22257,21366,891
Z92155,0,0,0
Z92173,8206,7922,284
Z92201,22801,19219,3582
Z92203,13063,10230,2833
Z92210,5135,2672,2463
Z92211,20842,12473,8369
Z92220,13311,11844,1467
Z92222,0,0,0
Z92223,16600,15553,1047
Z92225,9201,5980,3221
Z92227,8994,7818,1176
Z92230,1053,960,93
Z92231,10864,9451,1413
Z92233,1301,971,330
Z92234,21149,17354,3795
Z92236,11198,10484,714
Z92239,311,67,244
Z92240,14668,11790,2878
Z92241,6463,4077,2386
Z92242,1634,697,937
Z92243,16083,13770,2313
Z92249,2082,1757,325
Z92250,3032,2488,544
Z92251,5954,5198,756
Z92252,5396,3798,1598
Z92253,23864,14949,8915
Z92254,3265,3003,262
Z92256,2042,1545,497
Z92257,1405,781,624
Z92258,264,213,51
Z92259,393,121,272
Z92260,24427,15807,8620
Z92262,18918,12542,6376
Z92264,17905,10902,7003
Z92266,195,91,104
Z92267,92,0,92
Z92268,514,264,250
Z92270,15662,9176,6486
Z92273,516,411,105
Z92274,6387,5278,1109
Z92275,1222,552,670
Z92276,3921,2813,1108
Z92277,12420,9211,3209
Z92278,178,178,0
Z92280,39,14,25
Z92281,821,594,227
Z92282,565,335,230
Z92283,1576,836,740
Z92284,12345,10290,2055
Z92285,2695,1086,1609
Z92301,9240,7966,1274
Z92304,15,15,0
Z92305,634,170,464
Z92307,14024,12427,1597
Z92308,15932,13959,1973
Z92309,325,259,66
Z92310,2718,2337,381
Z92311,13236,11202,2034
Z92313,4515,4371,144
Z92314,9080,4435,4645
Z92315,10065,2305,7760
Z92316,7750,7353,397
Z92320,3811,3346,465
Z92321,1361,466,895
Z92322,840,365,475
Z92324,18475,16790,1685
Z92325,6407,3503,2904
Z92327,417,236,181
Z92328,261,204,57
Z92332,62,8,54
Z92333,1045,239,806
Z92335,24579,23521,1058
Z92336,23555,22722,833
Z92337,9718,9326,392
Z92338,28,0,28
Z92339,681,411,270
Z92341,1109,177,932
Z92342,2992,2298,694
Z92344,6489,5909,580
Z92345,25556,23423,2133
Z92346,17897,16691,1206
Z92347,542,422,120
Z92352,8612,2608,6004
Z92354,8119,7411,708
Z92356,3281,2273,1008
Z92358,554,461,93
Z92359,3179,2878,301
Z92363,4129,2309,1820
Z92364,55,17,38
Z92365,1243,738,505
Z92368,439,284,155
Z92371,5885,5153,732
Z92372,2537,2118,419
Z92373,14697,13436,1261
Z92374,13813,12758,1055
Z92376,22161,21042,1119
Z92377,5593,5227,366
Z92378,73,67,6
Z92382,4077,2047,2030
Z92384,29,16,13
Z92385,329,104,225
Z92386,3509,977,2532
Z92389,130,59,71
Z92391,1797,976,821
Z92392,17400,15509,1891
Z92394,8767,7720,1047
Z92395,14789,13065,1724
Z92397,2934,1888,1046
Z92398,673,481,192
Z92399,20219,18585,1634
Z92401,734,656,78
Z92404,18923,17179,1744
Z92405,9016,8355,661
Z92407,16812,15737,1075
Z92408,4117,3718,399
Z92410,13551,12339,1212
Z92411,6932,6462,470
Z92501,7492,6841,651
Z92503,25917,25102,815
Z92504,17119,15988,1131
Z92505,14739,13397,1342
Z92506,16333,15318,1015
Z92507,18982,16297,2685
Z92508,10647,10209,438
Z92509,20513,19296,1217
Z92518,734,509,225
Z92530,15989,14734,1255
Z92532,6581,5925,656
Z92536,1618,1066,552
Z92539,2166,1561,605
Z92543,15180,13270,1910
Z92544,17558,15426,2132
Z92545,17098,14875,2223
Z92548,2678,2220,458
Z92549,4190,1232,2958
Z92551,8349,7990,359
Z92553,20040,18770,1270
Z92555,11437,10684,753
Z92557,15164,14350,814
Z92561,1209,714,495
Z92562,21203,19867,1336
Z92563,17942,16929,1013
Z92567,2863,2681,182
Z92570,14912,13752,1160
Z92571,12951,12050,901
Z92582,4614,4316,298
Z92583,10765,9525,1240
Z92584,14741,13913,828
Z92585,6269,5711,558
Z92586,9945,8936,1009
Z92587,6593,5833,760
Z92590,1893,1623,270
Z92591,13605,12647,958
Z92592,24717,23171,1546
Z92595,9646,9138,508
Z92596,7674,7228,446
Z92602,8699,8478,221
Z92603,8061,7765,296
Z92604,10537,10168,369
Z92606,8535,8041,494
Z92610,4272,4020,252
Z92612,13475,12238,1237
Z92614,10015,9736,279
Z92617,4338,4082,256
Z92618,11256,10467,789
Z92620,17104,16302,802
Z92624,3318,2751,567
Z92625,6609,5710,899
Z92626,20272,19070,1202
Z92627,23038,22118,920
Z92629,13366,11534,1832
Z92630,21332,20517,815
Z92637,13058,11298,1760
Z92646,21920,21025,895
Z92647,20724,20028,696
Z92648,20594,19267,1327
Z92649,14537,13780,757
Z92651,13913,11608,2305
Z92653,10028,9466,562
Z92655,2659,2639,20
Z92656,20245,19202,1043
Z92657,4263,3873,390
Z92660,16300,14682,1618
Z92661,2410,1596,814
Z92662,2025,1492,533
Z92663,12034,10669,1365
Z92672,16263,14211,2052
Z92673,10675,9890,785
Z92675,12596,11857,739
Z92676,883,798,85
Z92677,26923,25023,1900
Z92678,232,212,20
Z92679,10947,10597,350
Z92683,28438,27337,1101
Z92688,16842,15938,904
Z92691,16613,16119,494
Z92692,18353,18008,345
Z92694,7582,7361,221
Z92701,13031,12649,382
Z92703,13467,13221,246
Z92704,20415,19802,613
Z92705,15692,14936,756
Z92706,9740,9388,352
Z92707,13690,13263,427
Z92708,19536,19086,450
Z92780,19682,18984,698
Z92782,8671,8272,399
Z92801,18849,18161,688
Z92802,12196,11686,510
Z92804,25751,23878,1873
Z92805,19036,18197,839
Z92806,13063,12366,697
Z92807,12777,12186,591
Z92808,7601,7397,204
Z92821,13800,13230,570
Z92823,1059,1059,0
Z92831,13129,12196,933
Z92832,8508,8100,408
Z92833,16600,15980,620
Z92835,8682,8415,267
Z92840,15519,14929,590
Z92841,9473,9263,210
Z92843,11531,11226,305
Z92844,6823,6682,141
Z92845,5806,5665,141
Z92860,7356,7030,326
Z92861,1975,1922,53
Z92865,6421,6154,267
Z92866,5781,5445,336
Z92867,13512,13061,451
Z92868,7838,7643,195
Z92869,11860,11542,318
Z92870,17095,16532,563
Z92879,15101,14336,765
Z92880,16393,15889,504
Z92881,9984,9687,297
Z92882,22022,21090,932
Z92883,10535,9976,559
Z92886,16552,16254,298
Z92887,7024,6642,382
Z93001,14126,12762,1364
Z93003,20288,19352,936
Z93004,10996,10727,269
Z93010,16286,15665,621
Z93012,13319,12782,537
Z93013,7021,6308,713
Z93015,5151,4830,321
Z93021,11580,11158,422
Z93022,2602,2513,89
Z93023,8719,7659,1060
Z93030,15856,15183,673
Z93033,18138,17261,877
Z93035,12124,9715,2409
Z93036,12768,12363,405
Z93040,581,581,0
Z93041,8584,7308,1276
Z93042,0,0,0
Z93043,25,25,0
Z93060,10019,9505,514
Z93063,19487,19090,397
Z93064,0,0,0
Z93065,24669,23989,680
Z93066,1160,1125,35
Z93067,615,487,128
Z93101,13295,12357,938
Z93103,7791,6978,813
Z93105,11507,10806,701
Z93108,5537,4306,1231
Z93109,4756,4342,414
Z93110,6797,6324,473
Z93111,6684,6338,346
Z93117,16849,15729,1120
Z93201,379,338,41
Z93202,1144,1057,87
Z93203,5369,4986,383
Z93204,2314,2156,158
Z93205,1220,1010,210
Z93206,690,578,112
Z93207,433,142,291
Z93208,392,68,324
Z93210,4929,4679,250
Z93212,4383,4117,266
Z93215,12424,11729,695
Z93218,325,279,46
Z93219,2506,2403,103
Z93220,107,76,31
Z93221,5393,4948,445
Z93222,1972,706,1266
Z93223,2701,2622,79
Z93224,191,156,35
Z93225,2565,1882,683
Z93226,197,161,36
Z93230,22671,21055,1616
Z93234,1936,1729,207
Z93235,1144,1048,96
Z93238,1175,841,334
Z93239,457,394,63
Z93240,3554,2481,1073
Z93241,4463,4188,275
Z93242,1108,1048,60
Z93243,815,567,248
Z93244,195,169,26
Z93245,12769,11994,775
Z93247,5404,5039,365
Z93249,595,549,46
Z93250,3244,3157,87
Z93251,108,74,34
Z93252,803,571,232
Z93254,358,276,82
Z93255,467,330,137
Z93256,1497,1321,176
Z93257,23211,21344,1867
Z93258,580,537,43
Z93260,489,67,422
Z93261,675,669,6
Z93262,0,0,0
Z93263,5422,5091,331
Z93265,2076,1571,505
Z93266,382,348,34
Z93267,2002,1836,166
Z93268,6156,5507,649
Z93270,1622,1410,212
Z93271,1386,1064,322
Z93272,1009,972,37
Z93274,22663,21385,1278
Z93276,67,60,7
Z93277,19551,18093,1458
Z93280,6043,5570,473
Z93283,1348,1098,250
Z93285,2327,995,1332
Z93286,3024,2840,184
Z93287,71,53,18
Z93291,16859,15967,892
Z93292,13923,13304,619
Z93301,5328,4762,566
Z93304,16920,15546,1374
Z93305,12081,10751,1330
Z93306,22812,21060,1752
Z93307,23586,21924,1662
Z93308,20882,19121,1761
Z93309,23421,21625,1796
Z93311,14897,14083,814
Z93312,19337,18513,824
Z93313,12900,12344,556
Z93314,8044,7731,313
Z93401,12629,11821,808
Z93402,6929,6491,438
Z93405,8970,8283,687
Z93410,0,0,0
Z93420,13061,11860,1201
Z93422,12964,12301,663
Z93424,902,604,298
Z93426,1148,426,722
Z93427,2316,2001,315
Z93428,4254,2943,1311
Z93429,33,33,0
Z93430,2583,1451,1132
Z93432,558,383,175
Z93433,6043,5453,590
Z93434,1921,1862,59
Z93436,18649,17798,851
Z93437,926,873,53
Z93440,591,583,8
Z93441,516,430,86
Z93442,6780,5220,1560
Z93444,7338,6686,652
Z93445,3051,2464,587
Z93446,19151,17032,2119
Z93449,5248,3867,1381
Z93450,297,273,24
Z93451,1500,1358,142
Z93452,280,158,122
Z93453,1564,1413,151
Z93454,12421,11386,1035
Z93455,16020,15102,918
Z93458,13586,13126,460
Z93460,2399,1986,413
Z93461,619,525,94
Z93463,3700,3375,325
Z93465,3604,3226,378
Z93501,2422,1929,493
Z93505,5677,4459,1218
Z93510,2808,2520,288
Z93512,139,137,2
Z93513,819,719,100
Z93514,6854,6031,823
Z93516,1260,846,414
Z93517,541,228,313
Z93518,747,456,291
Z93519,92,67,25
Z93522,21,13,8
Z93523,1514,1147,367
Z93524,0,0,0
Z93526,491,357,134
Z93527,998,810,188
Z93528,185,55,130
Z93529,802,111,691
Z93530,56,24,32
Z93531,247,165,82
Z93532,1145,962,183
Z93534,15811,14056,1755
Z93535,23247,20901,2346
Z93536,22807,20910,1897
Z93541,310,123,187
Z93543,3967,3599,368
Z93544,596,455,141
Z93545,1065,868,197
Z93546,10618,3168,7450
Z93549,294,141,153
Z93550,22886,20648,2238
Z93551,16962,15845,1117
Z93552,10724,9937,787
Z93553,894,789,105
Z93554,86,86,0
Z93555,15189,13180,2009
Z93558,128,93,35
Z93560,7548,6301,1247
Z93561,12874,10910,1964
Z93562,1075,698,377
Z93563,179,137,42
Z93591,2191,1916,275
Z93592,32,8,24
Z93601,846,730,116
Z93602,1967,1606,361
Z93603,247,122,125
Z93604,1307,337,970
Z93605,154,97,57
Z93606,215,186,29
Z93608,273,240,33
Z93609,1635,1558,77
Z93610,5796,5004,792
Z93611,16366,15833,533
Z93612,14538,13498,1040
Z93614,4950,4257,693
Z93615,1592,1482,110
Z93616,631,596,35
Z93618,8419,8055,364
Z93619,11118,10458,660
Z93620,3256,2870,386
Z93621,307,183,124
Z93622,2979,2762,217
Z93623,235,50,185
Z93624,343,299,44
Z93625,2170,2080,90
Z93626,574,475,99
Z93627,29,27,2
Z93628,356,58,298
Z93630,5626,5184,442
Z93631,5426,5155,271
Z93633,367,0,367
Z93634,624,1,623
Z93635,12230,11415,815
Z93636,4126,3861,265
Z93637,12523,11530,993
Z93638,12977,12063,914
Z93640,3109,3047,62
Z93641,465,84,381
Z93643,1768,1156,612
Z93644,4245,3307,938
Z93645,59,59,0
Z93646,2857,2673,184
Z93647,2999,2880,119
Z93648,4249,3999,250
Z93650,1354,1348,6
Z93651,767,630,137
Z93652,96,69,27
Z93653,690,559,131
Z93654,9187,8652,535
Z93656,1833,1721,112
Z93657,11488,10561,927
Z93660,1285,1133,152
Z93662,9188,8712,476
Z93664,2299,267,2032
Z93665,223,192,31
Z93666,192,182,10
Z93667,1053,897,156
Z93668,381,333,48
Z93669,256,144,112
Z93673,193,179,14
Z93675,1420,1146,274
Z93701,3790,3038,752
Z93702,12961,12015,946
Z93703,10834,9714,1120
Z93704,11761,10713,1048
Z93705,13013,12223,790
Z93706,11695,10630,1065
Z93710,12250,11201,1049
Z93711,16795,15686,1109
Z93720,18633,17608,1025
Z93721,1909,1730,179
Z93722,26053,24334,1719
Z93723,3203,3030,173
Z93725,7262,6810,452
Z93726,14869,14037,832
Z93727,24141,22614,1527
Z93728,6199,5617,582
Z93730,3997,3856,141
Z93901,10349,9745,604
Z93905,13575,13052,523
Z93906,18002,17057,945
Z93907,7547,7136,411
Z93908,4789,4573,216
Z93920,540,312,228
Z93921,3229,1476,1753
Z93923,7293,5772,1521
Z93924,3149,2557,592
Z93925,441,422,19
Z93926,2264,2256,8
Z93927,4339,3953,386
Z93928,53,53,0
Z93930,4128,3974,154
Z93932,202,202,0
Z93933,9026,8358,668
Z93940,15328,13323,2005
Z93943,0,0,0
Z93950,8431,6832,1599
Z93953,2856,1851,1005
Z93954,98,91,7
Z93955,11027,10339,688
Z93960,4221,3977,244
Z93962,293,229,64
Z94002,10677,10334,343
Z94005,1842,1783,59
Z94010,17561,16364,1197
Z94014,14310,13595,715
Z94015,20653,19916,737
Z94019,7707,7021,686
Z94020,811,618,193
Z94021,86,46,40
Z94022,7843,7423,420
Z94024,8090,7870,220
Z94025,15646,14832,814
Z94027,2602,2476,126
Z94028,2815,2645,170
Z94030,8602,8165,437
Z94037,1119,1025,94
Z94038,1188,1138,50
Z94040,14497,13986,511
Z94041,6483,6248,235
Z94043,13331,12578,753
Z94044,14767,14136,631
Z94060,601,474,127
Z94061,14244,13875,369
Z94062,10961,10272,689
Z94063,9726,9213,513
Z94065,5186,4975,211
Z94066,15412,14899,513
Z94070,12300,11857,443
Z94074,83,83,0
Z94080,22394,21239,1155
Z94085,8652,8241,411
Z94086,19663,19086,577
Z94087,21183,20347,836
Z94089,8061,7680,381
Z94102,19137,16463,2674
Z94103,15026,12728,2298
Z94104,244,176,68
Z94105,4870,3778,1092
Z94107,15104,13743,1361
Z94108,8753,7867,886
Z94109,37050,33721,3329
Z94110,29845,28019,1826
Z94111,2634,2118,516
Z94112,24319,23323,996
Z94114,17877,16456,1421
Z94115,19224,17732,1492
Z94116,16569,15826,743
Z94117,19720,18362,1358
Z94118,18707,17663,1044
Z94121,18955,17388,1567
Z94122,24056,22882,1174
Z94123,15217,13962,1255
Z94124,11282,10501,781
Z94127,7579,7208,371
Z94128,0,0,0
Z94129,1324,1258,66
Z94130,806,624,182
Z94131,13912,13254,658
Z94132,11056,10391,665
Z94133,14813,13230,1583
Z94134,12315,11661,654
Z94158,3258,2929,329
Z94301,7564,7131,433
Z94303,14266,13540,726
Z94304,2025,1837,188
Z94305,3342,3162,180
Z94306,11152,10641,511
Z94401,13626,12983,643
Z94402,9654,9278,376
Z94403,16239,15422,817
Z94404,14612,14023,589
Z94501,26883,25527,1356
Z94502,5361,5181,180
Z94503,6023,5861,162
Z94505,5737,5141,596
Z94506,8089,7872,217
Z94507,5820,5579,241
Z94508,1284,1105,179
Z94509,23152,21588,1564
Z94510,11482,10861,621
Z94511,1315,1100,215
Z94512,69,69,0
Z94513,19323,18658,665
Z94514,405,376,29
Z94515,3592,2870,722
Z94516,80,78,2
Z94517,4886,4659,227
Z94518,10780,10263,517
Z94519,7337,6836,501
Z94520,13692,13046,646
Z94521,16432,15854,578
Z94523,14406,14035,371
Z94525,1519,1394,125
Z94526,12390,11994,396
Z94528,283,283,0
Z94530,10679,10114,565
Z94531,12857,12130,727
Z94533,24040,22324,1716
Z94534,13101,12798,303
Z94535,1081,1054,27
Z94536,25264,24138,1126
Z94538,22016,21085,931
Z94539,16643,16225,418
Z94541,22048,20867,1181
Z94542,4501,4322,179
Z94544,23275,22602,673
Z94545,9535,9325,210
Z94546,16535,15957,578
Z94547,8407,8142,265
Z94548,160,145,15
Z94549,11297,10832,465
Z94550,18276,17521,755
Z94551,14721,14143,578
Z94552,5241,5078,163
Z94553,19809,18922,887
Z94555,11506,11245,261
Z94556,5857,5777,80
Z94558,26837,24230,2607
Z94559,11356,10414,942
Z94560,13799,13436,363
Z94561,12144,11703,441
Z94563,6813,6709,104
Z94564,7225,6741,484
Z94565,28240,26906,1334
Z94566,15682,15288,394
Z94567,331,213,118
Z94568,17406,16697,709
Z94569,220,179,41
Z94571,4405,3928,477
Z94572,3303,3167,136
Z94573,69,64,5
Z94574,4376,3613,763
Z94575,0,0,0
Z94576,60,28,32
Z94577,17731,16996,735
Z94578,14496,13798,698
Z94579,7176,7168,8
Z94580,9090,8643,447
Z94582,13491,13064,427
Z94583,12825,12558,267
Z94585,9205,8872,333
Z94586,398,367,31
Z94587,21407,20461,946
Z94588,11621,11183,438
Z94589,10190,9552,638
Z94590,16366,14036,2330
Z94591,20131,18291,1840
Z94592,256,256,0
Z94595,9984,9060,924
Z94596,10163,9507,656
Z94597,10330,9840,490
Z94598,10590,10179,411
Z94599,1547,1350,197
Z94601,16303,14931,1372
Z94602,12584,11930,654
Z94603,10515,9614,901
Z94605,16771,15199,1572
Z94606,16191,14896,1295
Z94607,12414,11344,1070
Z94608,15345,13748,1597
Z94609,10288,9794,494
Z94610,16405,15562,843
Z94611,17800,16911,889
Z94612,8956,8193,763
Z94613,5,5,0
Z94618,7516,7106,410
Z94619,9650,8916,734
Z94621,10196,9410,786
Z94702,8100,7581,519
Z94703,9737,8887,850
Z94704,8869,8143,726
Z94705,6199,5840,359
Z94706,8528,7996,532
Z94707,5341,5132,209
Z94708,5037,4738,299
Z94709,5669,5219,450
Z94710,3298,2933,365
Z94720,52,28,24
Z94801,10427,9291,1136
Z94803,9898,9328,570
Z94804,15694,14597,1097
Z94805,5607,5327,280
Z94806,20832,19261,1571
Z94850,0,0,0
Z94901,16235,15638,597
Z94903,12853,12168,685
Z94904,5643,5435,208
Z94920,6113,5435,678
Z94922,263,237,26
Z94923,1366,450,916
Z94924,871,539,332
Z94925,4171,3784,387
Z94928,16475,15946,529
Z94929,463,79,384
Z94930,4105,3866,239
Z94931,3373,3194,179
Z94933,342,342,0
Z94937,746,463,283
Z94938,382,300,82
Z94939,3366,3247,119
Z94940,148,131,17
Z94941,13992,12968,1024
Z94945,7429,7218,211
Z94946,369,295,74
Z94947,10357,9946,411
Z94949,7318,6857,461
Z94950,52,39,13
Z94951,1706,1556,150
Z94952,13853,13176,677
Z94954,13856,13293,563
Z94956,1012,756,256
Z94957,449,397,52
Z94960,6638,6384,254
Z94963,269,269,0
Z94964,90,90,0
Z94965,6303,5571,732
Z94970,914,278,636
Z94971,221,156,65
Z94972,12,0,12
Z94973,799,748,51
Z95002,543,543,0
Z95003,11714,10058,1656
Z95004,1326,1303,23
Z95005,2741,2548,193
Z95006,4664,3932,732
Z95007,354,310,44
Z95008,19300,18351,949
Z95010,4778,4238,540
Z95012,2774,2451,323
Z95013,22,22,0
Z95014,22394,21266,1128
Z95017,346,282,64
Z95018,3498,3013,485
Z95019,2193,2074,119
Z95020,18106,17598,508
Z95023,15444,14805,639
Z95030,5843,5347,496
Z95032,10498,10013,485
Z95033,4030,3742,288
Z95035,21529,20871,658
Z95037,16255,15819,436
Z95039,570,496,74
Z95041,113,62,51
Z95043,370,285,85
Z95045,1609,1504,105
Z95046,2023,1876,147
Z95050,14960,14442,518
Z95051,21168,20201,967
Z95053,27,27,0
Z95054,9004,8433,571
Z95060,20175,18291,1884
Z95062,16824,14946,1878
Z95064,483,432,51
Z95065,3246,3132,114
Z95066,5973,5797,176
Z95070,11395,10943,452
Z95073,4429,4082,347
Z95075,139,125,14
Z95076,24834,22946,1888
Z95110,6735,6381,354
Z95111,16227,15698,529
Z95112,21147,19974,1173
Z95113,788,696,92
Z95116,14572,14250,322
Z95117,11421,10960,461
Z95118,11602,11326,276
Z95119,3289,3152,137
Z95120,12728,12486,242
Z95121,9830,9657,173
Z95122,13306,13090,216
Z95123,22425,21783,642
Z95124,17636,17272,364
Z95125,21928,21074,854
Z95126,15060,14199,861
Z95127,17178,16813,365
Z95128,14692,13946,746
Z95129,14738,14080,658
Z95130,5177,4999,178
Z95131,9454,9177,277
Z95132,12078,11906,172
Z95133,8150,7928,222
Z95134,8432,7736,696
Z95135,7623,7462,161
Z95136,15492,15054,438
Z95138,6221,5772,449
Z95139,2259,2251,8
Z95140,88,58,30
Z95148,12100,11917,183
Z95202,3987,2923,1064
Z95203,5831,5163,668
Z95204,12167,10940,1227
Z95205,11542,10265,1277
Z95206,18339,16678,1661
Z95207,19596,17778,1818
Z95209,13324,12653,671
Z95210,12281,11564,717
Z95211,0,0,0
Z95212,7718,7280,438
Z95215,7339,6729,610
Z95219,11660,10796,864
Z95220,2613,2456,157
Z95222,2576,2186,390
Z95223,7820,1400,6420
Z95224,285,122,163
Z95225,281,233,48
Z95226,14,14,0
Z95227,342,306,36
Z95228,2674,1813,861
Z95230,250,236,14
Z95231,846,809,37
Z95232,158,109,49
Z95233,310,248,62
Z95234,22,22,0
Z95236,1458,1352,106
Z95237,1236,1146,90
Z95240,17409,15836,1573
Z95242,10399,9894,505
Z95245,1347,943,404
Z95246,900,623,277
Z95247,2613,2154,459
Z95248,151,58,93
Z95249,1705,1449,256
Z95250,76,31,45
Z95251,372,316,56
Z95252,5513,5012,501
Z95254,393,393,0
Z95255,1143,804,339
Z95257,263,156,107
Z95258,1557,1442,115
Z95301,12350,11477,873
Z95303,290,265,25
Z95304,4314,4119,195
Z95305,92,16,76
Z95306,478,454,24
Z95307,13123,12252,871
Z95310,1023,912,111
Z95311,1401,880,521
Z95312,100,91,9
Z95313,470,395,75
Z95314,75,0,75
Z95315,3650,3441,209
Z95316,2406,2294,112
Z95317,335,311,24
Z95318,167,167,0
Z95319,482,463,19
Z95320,4832,4394,438
Z95321,3605,1592,2013
Z95322,3264,2948,316
Z95323,359,344,15
Z95324,2646,2483,163
Z95325,83,28,55
Z95326,3492,3282,210
Z95327,2742,2422,320
Z95328,1220,1203,17
Z95329,1510,1176,334
Z95330,5283,5021,262
Z95333,1007,885,122
Z95334,4403,4148,255
Z95335,1174,202,972
Z95336,15780,14909,871
Z95337,11005,10283,722
Z95338,5960,4588,1372
Z95340,12590,11740,850
Z95341,9386,8504,882
Z95345,283,223,60
Z95346,1403,655,748
Z95348,11380,10747,633
Z95350,20527,19279,1248
Z95351,14110,13196,914
Z95354,9588,8596,992
Z95355,22513,21162,1351
Z95356,11955,11495,460
Z95357,3833,3601,232
Z95358,9292,8887,405
Z95360,3903,3589,314
Z95361,12235,11539,696
Z95363,7718,7171,547
Z95364,599,0,599
Z95365,1375,1205,170
Z95366,6129,5920,209
Z95367,7635,7214,421
Z95368,4133,3939,194
Z95369,435,341,94
Z95370,13582,11784,1798
Z95372,760,714,46
Z95374,649,509,140
Z95375,351,80,271
Z95376,15715,15004,711
Z95377,8899,8672,227
Z95379,1820,1571,249
Z95380,14779,13785,994
Z95382,13640,12897,743
Z95383,3327,1583,1744
Z95385,279,230,49
Z95386,3023,2898,125
Z95387,146,136,10
Z95388,4050,3708,342
Z95389,843,342,501
Z95391,3769,3669,100
Z95401,13920,13330,590
Z95403,18151,17294,857
Z95404,16986,16184,802
Z95405,9190,8562,628
Z95407,12805,12149,656
Z95409,12645,11943,702
Z95410,543,400,143
Z95412,226,128,98
Z95415,658,494,164
Z95417,161,109,52
Z95420,259,235,24
Z95421,1234,652,582
Z95422,9115,6962,2153
Z95423,2713,1549,1164
Z95425,4495,3926,569
Z95426,1064,628,436
Z95427,238,157,81
Z95428,1175,907,268
Z95429,29,29,0
Z95430,35,0,35
Z95431,0,0,0
Z95432,267,199,68
Z95435,96,96,0
Z95436,2928,2540,388
Z95437,6979,5851,1128
Z95439,296,296,0
Z95441,808,671,137
Z95442,1986,1504,482
Z95443,234,128,106
Z95444,231,231,0
Z95445,1343,963,380
Z95446,3692,2199,1493
Z95448,8372,6993,1379
Z95449,691,577,114
Z95450,354,149,205
Z95451,6138,4758,1380
Z95452,685,553,132
Z95453,5080,4366,714
Z95454,1252,960,292
Z95456,658,413,245
Z95457,1767,1333,434
Z95458,1763,1251,512
Z95459,497,242,255
Z95460,1616,1123,493
Z95461,1768,1355,413
Z95462,1157,617,540
Z95463,76,29,47
Z95464,1625,1142,483
Z95465,1405,979,426
Z95466,408,312,96
Z95467,2583,2199,384
Z95468,793,540,253
Z95469,1022,694,328
Z95470,2465,2201,264
Z95471,437,231,206
Z95472,14010,12891,1119
Z95476,17114,15363,1751
Z95482,12652,11539,1113
Z95485,1314,1065,249
Z95486,62,24,38
Z95488,268,184,84
Z95490,6178,5429,749
Z95492,10513,9994,519
Z95493,129,129,0
Z95494,67,49,18
Z95497,1886,601,1285
Z95501,10785,9544,1241
Z95503,10635,9822,813
Z95511,242,185,57
Z95514,115,85,30
Z95519,7788,7074,714
Z95521,9209,8214,995
Z95524,798,757,41
Z95525,848,718,130
Z95526,270,134,136
Z95527,451,249,202
Z95528,524,420,104
Z95531,9445,7950,1495
Z95536,1354,1135,219
Z95537,158,133,25
Z95540,5616,4938,678
Z95542,1370,1004,366
Z95543,406,280,126
Z95545,79,43,36
Z95546,1510,1111,399
Z95547,538,489,49
Z95548,581,452,129
Z95549,344,314,30
Z95550,111,91,20
Z95551,901,671,230
Z95552,793,310,483
Z95553,588,457,131
Z95554,313,188,125
Z95555,244,168,76
Z95556,348,257,91
Z95558,373,194,179
Z95559,95,95,0
Z95560,1009,512,497
Z95562,1593,1358,235
Z95563,441,302,139
Z95564,210,172,38
Z95565,412,354,58
Z95567,860,738,122
Z95568,68,40,28
Z95569,223,139,84
Z95570,1490,1000,490
Z95571,94,94,0
Z95573,1111,740,371
Z95585,318,226,92
Z95587,102,87,15
Z95589,884,464,420
Z95595,105,54,51
Z95601,82,75,7
Z95602,7487,6836,651
Z95603,12299,11598,701
Z95604,88,32,56
Z95605,5210,4939,271
Z95606,26,8,18
Z95607,216,216,0
Z95608,27460,25450,2010
Z95610,17970,17133,837
Z95612,470,440,30
Z95614,1743,1486,257
Z95615,332,260,72
Z95616,17775,17057,718
Z95618,10064,9643,421
Z95619,1991,1856,135
Z95620,6960,6556,404
Z95621,16785,16075,710
Z95623,1642,1519,123
Z95624,20222,19184,1038
Z95625,56,56,0
Z95626,2130,2057,73
Z95627,1329,1133,196
Z95628,17323,16254,1069
Z95629,429,321,108
Z95630,26852,25856,996
Z95631,2715,2392,323
Z95632,9640,9154,486
Z95633,1382,1097,285
Z95634,1511,1196,315
Z95635,538,388,150
Z95636,563,302,261
Z95637,249,189,60
Z95638,737,712,25
Z95639,78,78,0
Z95640,4440,3884,556
Z95641,1064,828,236
Z95642,3439,2724,715
Z95645,851,780,71
Z95646,741,21,720
Z95648,20074,18989,1085
Z95650,4800,4459,341
Z95651,345,297,48
Z95652,184,184,0
Z95653,166,166,0
Z95655,1514,1337,177
Z95658,2671,2520,151
Z95659,362,342,20
Z95660,11419,10699,720
Z95661,12400,11877,523
Z95662,12665,12000,665
Z95663,915,857,58
Z95664,474,443,31
Z95665,1979,1699,280
Z95666,3449,2043,1406
Z95667,16058,14400,1658
Z95668,341,320,21
Z95669,1067,812,255
Z95670,21550,20293,1257
Z95672,1901,1735,166
Z95673,5180,4847,333
Z95674,345,307,38
Z95675,201,126,75
Z95677,9384,8889,495
Z95678,16940,15892,1048
Z95679,44,44,0
Z95680,63,63,0
Z95681,499,426,73
Z95682,11693,10894,799
Z95683,2678,2594,84
Z95684,1767,1381,386
Z95685,2054,1739,315
Z95686,405,357,48
Z95687,23008,21702,1306
Z95688,13557,12779,778
Z95689,819,461,358
Z95690,953,768,185
Z95691,13666,13013,653
Z95692,1727,1596,131
Z95693,2639,2334,305
Z95694,3498,3392,106
Z95695,15138,14252,886
Z95697,150,150,0
Z95698,81,81,0
Z95699,108,64,44
Z95701,503,329,174
Z95703,470,461,9
Z95709,1992,1807,185
Z95713,4285,3826,459
Z95714,340,171,169
Z95715,120,53,67
Z95717,124,90,34
Z95720,385,33,352
Z95721,385,13,372
Z95722,2036,1869,167
Z95724,22,0,22
Z95726,4609,3361,1248
Z95728,1232,230,1002
Z95735,385,7,378
Z95736,84,67,17
Z95742,2998,2909,89
Z95746,8290,8078,212
Z95747,21329,20332,997
Z95757,12721,12097,624
Z95758,21537,20585,952
Z95762,13677,13271,406
Z95765,12622,12344,278
Z95776,7395,6799,596
Z95811,4567,4055,512
Z95814,6473,5179,1294
Z95815,10050,8844,1206
Z95816,10754,9855,899
Z95817,6563,5909,654
Z95818,10092,9527,565
Z95819,8095,7745,350
Z95820,13440,12419,1021
Z95821,16081,14367,1714
Z95822,16890,15695,1195
Z95823,24395,22782,1613
Z95824,9720,8981,739
Z95825,17067,15274,1793
Z95826,16261,14967,1294
Z95827,7677,7170,507
Z95828,18850,17841,1009
Z95829,8106,7774,332
Z95830,326,275,51
Z95831,19429,18084,1345
Z95832,3105,2886,219
Z95833,15341,14369,972
Z95834,10142,9270,872
Z95835,13891,13019,872
Z95837,171,153,18
Z95838,11724,10722,1002
Z95841,8634,7640,994
Z95842,11931,11211,720
Z95843,14670,14205,465
Z95864,9956,9368,588
Z95901,12691,11428,1263
Z95903,546,432,114
Z95910,93,38,55
Z95912,1533,1388,145
Z95914,358,278,80
Z95915,10,10,0
Z95916,933,541,392
Z95917,1129,1068,61
Z95918,993,934,59
Z95919,715,607,108
Z95920,123,67,56
Z95922,394,312,82
Z95923,112,5,107
Z95925,147,95,52
Z95926,16929,15013,1916
Z95928,16023,13839,2184
Z95930,73,47,26
Z95932,3121,2768,353
Z95934,220,157,63
Z95935,298,237,61
Z95936,274,111,163
Z95937,530,443,87
Z95938,1710,1513,197
Z95939,337,187,150
Z95941,182,134,48
Z95942,1009,476,533
Z95943,399,326,73
Z95944,56,14,42
Z95945,12568,11300,1268
Z95946,4647,4109,538
Z95947,906,749,157
Z95948,4237,3717,520
Z95949,8977,8133,844
Z95950,153,153,0
Z95951,808,721,87
Z95953,3287,3002,285
Z95954,5888,5017,871
Z95955,544,495,49
Z95956,477,172,305
Z95957,361,341,20
Z95959,8235,7270,965
Z95960,362,342,20
Z95961,9154,8428,726
Z95962,782,646,136
Z95963,5889,5230,659
Z95965,7888,6967,921
Z95966,13044,11552,1492
Z95968,547,510,37
Z95969,12950,11349,1601
Z95970,262,183,79
Z95971,2878,2526,352
Z95973,14405,13474,931
Z95974,15,15,0
Z95975,809,702,107
Z95977,687,604,83
Z95978,36,36,0
Z95979,438,278,160
Z95981,364,45,319
Z95982,1308,1236,72
Z95983,381,233,148
Z95984,42,31,11
Z95986,76,24,52
Z95987,1968,1797,171
Z95988,3519,3137,382
Z95991,15252,14376,876
Z95993,12416,11628,788
Z96001,14761,13397,1364
Z96002,13508,12468,1040
Z96003,19462,17716,1746
Z96006,210,122,88
Z96007,9729,8969,760
Z96008,490,393,97
Z96009,242,146,96
Z96010,140,74,66
Z96011,163,72,91
Z96013,2115,1718,397
Z96014,160,71,89
Z96015,132,110,22
Z96016,328,222,106
Z96017,190,79,111
Z96019,4200,3859,341
Z96020,1961,936,1025
Z96021,6428,5612,816
Z96022,6709,6332,377
Z96023,568,462,106
Z96024,651,425,226
Z96025,1532,1034,498
Z96027,1211,1046,165
Z96028,836,581,255
Z96029,66,58,8
Z96031,128,54,74
Z96032,1130,890,240
Z96033,279,248,31
Z96034,190,142,48
Z96035,1288,1140,148
Z96037,95,66,29
Z96038,301,262,39
Z96039,701,529,172
Z96040,277,174,103
Z96041,1792,1231,561
Z96044,601,420,181
Z96046,193,81,112
Z96047,440,348,92
Z96048,397,283,114
Z96049,48,20,28
Z96050,301,208,93
Z96051,835,552,283
Z96052,958,607,351
Z96054,158,119,39
Z96055,1785,1570,215
Z96056,814,647,167
Z96057,1044,611,433
Z96058,411,276,135
Z96059,340,281,59
Z96061,194,13,181
Z96062,476,438,38
Z96063,390,102,288
Z96064,2425,1975,450
Z96065,277,177,100
Z96067,4036,3361,675
Z96068,79,44,35
Z96069,452,353,99
Z96071,144,45,99
Z96073,1543,1489,54
Z96074,70,56,14
Z96075,215,119,96
Z96076,137,45,92
Z96080,12150,10772,1378
Z96084,340,235,105
Z96085,53,30,23
Z96086,214,163,51
Z96087,317,283,34
Z96088,2541,1814,727
Z96090,202,176,26
Z96091,872,270,602
Z96092,183,160,23
Z96093,1905,1587,318
Z96094,3200,2620,580
Z96096,346,297,49
Z96097,4937,4401,536
Z96101,2887,2334,553
Z96103,2154,743,1411
Z96104,410,265,145
Z96105,214,25,189
Z96106,415,116,299
Z96107,774,523,251
Z96108,94,5,89
Z96109,725,475,250
Z96110,90,69,21
Z96111,85,27,58
Z96112,183,89,94
Z96113,469,377,92
Z96114,1505,1401,104
Z96115,116,63,53
Z96116,199,71,128
Z96117,138,96,42
Z96118,752,630,122
Z96119,88,51,37
Z96120,663,341,322
Z96121,141,129,12
Z96122,2492,1548,944
Z96123,46,13,33
Z96124,378,187,191
Z96125,488,127,361
Z96126,113,33,80
Z96128,405,354,51
Z96129,193,62,131
Z96130,6813,5378,1435
Z96132,115,41,74
Z96133,120,90,30
Z96134,1251,914,337
Z96135,36,15,21
Z96136,64,44,20
Z96137,4213,1741,2472
Z96140,1600,379,1221
Z96141,1658,263,1395
Z96142,2117,318,1799
Z96143,3163,1541,1622
Z96145,4855,1231,3624
Z96146,1810,386,1424
Z96148,714,272,442
Z96150,23401,11282,12119
Z96155,147,0,147
Z96161,17338,7207,10131
Z96701,13903,13001,902
Z96703,865,615,250
Z96704,3114,2541,573
Z96705,808,721,87
Z96706,19279,18042,1237
Z96707,13531,12340,1191
Z96708,4252,3699,553
Z96710,221,127,94
Z96712,3152,2584,568
Z96713,771,508,263
Z96714,914,305,609
Z96716,956,867,89
Z96717,1805,1379,426
Z96719,678,595,83
Z96720,18851,16392,2459
Z96722,2651,1041,1610
Z96725,1440,1116,324
Z96726,248,196,52
Z96727,1747,1452,295
Z96728,240,196,44
Z96729,373,343,30
Z96730,574,470,104
Z96731,1146,720,426
Z96732,7767,6959,808
Z96734,16901,16187,714
Z96737,2650,1587,1063
Z96738,4664,2439,2225
Z96740,17973,12521,5452
Z96741,2439,1972,467
Z96742,98,54,44
Z96743,5943,4072,1871
Z96744,17190,16438,752
Z96746,8150,6585,1565
Z96747,225,225,0
Z96748,2055,1574,481
Z96749,6744,6113,631
Z96750,1417,1231,186
Z96751,47,24,23
Z96752,1367,1020,347
Z96753,18655,10977,7678
Z96754,1593,1272,321
Z96755,1241,964,277
Z96756,3389,1993,1396
Z96757,308,243,65
Z96759,91,91,0
Z96760,1253,1072,181
Z96761,11919,7491,4428
Z96762,1159,976,183
Z96763,1524,1197,327
Z96764,351,228,123
Z96765,241,241,0
Z96766,5552,4799,753
Z96768,6923,6214,709
Z96769,140,101,39
Z96770,721,240,481
Z96771,3262,2541,721
Z96772,1028,761,267
Z96773,71,59,12
Z96774,102,79,23
Z96776,579,483,96
Z96777,574,481,93
Z96778,6832,5293,1539
Z96779,1264,944,320
Z96780,345,242,103
Z96781,581,523,58
Z96782,11892,11530,362
Z96783,816,631,185
Z96785,1691,1113,578
Z96786,14416,13428,988
Z96789,18475,17974,501
Z96790,3801,3420,381
Z96791,2629,2305,324
Z96792,13349,11385,1964
Z96793,10782,9612,1170
Z96795,2494,2407,87
Z96796,901,624,277
Z96797,19788,19052,736
Z96813,10624,9549,1075
Z96814,11759,9719,2040
Z96815,22350,14233,8117
Z96816,18952,17169,1783
Z96817,20323,19071,1252
Z96818,19148,18087,1061
Z96819,12553,11959,594
Z96821,6988,6427,561
Z96822,19636,18077,1559
Z96825,11202,10517,685
Z96826,15930,14485,1445
Z96850,0,0,0
Z96853,0,0,0
Z96857,0,0,0
Z96859,0,0,0
Z96860,0,0,0
Z96863,0,0,0
Z97001,143,52,91
Z97002,2318,2136,182
Z97004,1634,1615,19
Z97005,11120,10454,666
Z97006,25874,24536,1338
Z97007,25894,25043,851
Z97008,12307,11512,795
Z97009,3094,2847,247
Z97011,470,287,183
Z97013,8484,8217,267
Z97014,693,514,179
Z97015,8333,7917,416
Z97016,3016,2607,409
Z97017,1048,938,110
Z97018,954,913,41
Z97019,1335,1255,80
Z97020,363,342,21
Z97021,576,439,137
Z97022,1213,1112,101
Z97023,4084,3732,352
Z97024,4499,4259,240
Z97026,1275,1196,79
Z97027,5142,4886,256
Z97028,571,60,511
Z97029,144,120,24
Z97030,15197,14481,716
Z97031,7786,6887,899
Z97032,1622,1588,34
Z97033,66,44,22
Z97034,8504,8058,446
Z97035,11240,10603,637
Z97037,623,436,187
Z97038,5869,5688,181
Z97039,260,230,30
Z97040,656,444,212
Z97041,1011,820,191
Z97042,1213,1160,53
Z97045,20426,19419,1007
Z97048,2893,2561,332
Z97049,2090,782,1308
Z97050,134,119,15
Z97051,6187,5580,607
Z97053,1323,1236,87
Z97054,678,622,56
Z97055,7170,6588,582
Z97056,4761,4560,201
Z97057,6,4,2
Z97058,8301,7610,691
Z97060,7797,7587,210
Z97062,11649,11209,440
Z97063,901,525,376
Z97064,1549,1268,281
Z97065,334,291,43
Z97067,1595,1104,491
Z97068,11283,10875,408
Z97070,9499,8970,529
Z97071,10084,9118,966
Z97080,15386,14687,699
Z97086,10434,9983,451
Z97089,4569,4338,231
Z97101,1401,1248,153
Z97102,366,78,288
Z97103,8294,7349,945
Z97106,1678,1536,142
Z97107,804,615,189
Z97108,181,174,7
Z97109,205,200,5
Z97110,1235,514,721
Z97111,1344,1204,140
Z97112,1216,757,459
Z97113,4364,4104,260
Z97114,1743,1560,183
Z97115,1296,1296,0
Z97116,9583,9002,581
Z97117,241,222,19
Z97118,532,350,182
Z97119,1739,1612,127
Z97121,675,592,83
Z97122,304,198,106
Z97123,15806,15094,712
Z97124,20936,19491,1445
Z97125,58,38,20
Z97127,1299,1103,196
Z97128,14460,13330,1130
Z97130,1370,202,1168
Z97131,2164,1080,1084
Z97132,10616,9921,695
Z97133,1598,1453,145
Z97134,447,139,308
Z97135,1215,390,825
Z97136,2924,798,2126
Z97137,455,426,29
Z97138,7254,4292,2962
Z97140,9039,8807,232
Z97141,6123,4946,1177
Z97144,46,46,0
Z97145,640,224,416
Z97146,2712,2270,442
Z97147,234,159,75
Z97148,1335,1186,149
Z97149,853,253,600
Z97201,9468,8564,904
Z97202,18704,18011,693
Z97203,12251,11630,621
Z97204,425,404,21
Z97205,5453,4935,518
Z97206,20613,19632,981
Z97208,0,0,0
Z97209,12240,10744,1496
Z97210,6954,6369,585
Z97211,13216,12575,641
Z97212,10934,10451,483
Z97213,14060,13600,460
Z97214,12533,11740,793
Z97215,7791,7489,302
Z97216,6545,6212,333
Z97217,14795,13812,983
Z97218,5968,5591,377
Z97219,17308,16628,680
Z97220,11831,11291,540
Z97221,5302,5082,220
Z97222,16208,15259,949
Z97223,19621,18580,1041
Z97224,14719,14237,482
Z97225,11689,11173,516
Z97227,2075,1968,107
Z97229,24016,23046,970
Z97230,16224,15198,1026
Z97231,1851,1649,202
Z97232,6491,6219,272
Z97233,13988,12983,1005
Z97236,13498,12637,861
Z97239,8867,8023,844
Z97266,12803,12085,718
Z97267,13097,12526,571
Z97301,19273,17799,1474
Z97302,16595,15617,978
Z97303,14949,14254,695
Z97304,12211,11360,851
Z97305,14807,13648,1159
Z97306,11835,11511,324
Z97317,8106,7835,271
Z97321,10721,9908,813
Z97322,14176,13389,787
Z97324,575,472,103
Z97325,2565,2487,78
Z97326,495,429,66
Z97327,1281,1120,161
Z97329,73,56,17
Z97330,18691,17021,1670
Z97331,12,12,0
Z97333,9761,8808,953
Z97338,7839,7475,364
Z97341,2435,1274,1161
Z97342,540,95,445
Z97343,126,80,46
Z97344,460,424,36
Z97345,246,178,68
Z97346,415,380,35
Z97347,822,731,91
Z97348,670,631,39
Z97350,178,104,74
Z97351,3743,3332,411
Z97352,2345,2149,196
Z97355,12078,11076,1002
Z97357,134,92,42
Z97358,1243,1004,239
Z97360,993,928,65
Z97361,4578,4314,264
Z97362,1609,1433,176
Z97364,371,344,27
Z97365,6041,4921,1120
Z97366,955,631,324
Z97367,7323,4311,3012
Z97368,1968,1483,485
Z97369,410,85,325
Z97370,3558,3261,297
Z97371,291,184,107
Z97373,0,0,0
Z97374,2151,2049,102
Z97375,546,473,73
Z97376,802,633,169
Z97377,300,229,71
Z97378,2763,2448,315
Z97380,1212,1158,54
Z97381,5848,5381,467
Z97383,3701,3422,279
Z97384,0,0,0
Z97385,1546,1405,141
Z97386,5537,5159,378
Z97388,1165,368,797
Z97389,645,622,23
Z97390,426,289,137
Z97391,2228,1891,337
Z97392,2283,2182,101
Z97394,3383,1993,1390
Z97396,1253,1112,141
Z97401,20703,18783,1920
Z97402,21559,20747,812
Z97403,4232,3795,437
Z97404,13395,12879,516
Z97405,20128,19249,879
Z97406,91,26,65
Z97408,5191,5069,122
Z97410,397,374,23
Z97411,4220,3363,857
Z97412,324,186,138
Z97413,779,443,336
Z97414,146,126,20
Z97415,7691,6627,1064
Z97416,447,413,34
Z97417,1204,1052,152
Z97419,586,568,18
Z97420,12581,11008,1573
Z97423,3057,2705,352
Z97424,7598,7117,481
Z97426,4174,3853,321
Z97429,405,338,67
Z97430,224,181,43
Z97431,963,869,94
Z97434,340,317,23
Z97435,1003,923,80
Z97436,483,387,96
Z97437,1038,1007,31
Z97438,481,367,114
Z97439,8818,7064,1754
Z97441,184,113,71
Z97442,954,872,82
Z97443,843,762,81
Z97444,2989,2276,713
Z97446,1747,1629,118
Z97447,482,355,127
Z97448,5241,4910,331
Z97449,1578,889,689
Z97450,328,240,88
Z97451,152,147,5
Z97452,697,663,34
Z97453,485,401,84
Z97454,628,579,49
Z97455,1017,1001,16
Z97456,1202,1066,136
Z97457,4346,3833,513
Z97458,2323,1928,395
Z97459,6138,5527,611
Z97461,253,245,8
Z97462,1761,1540,221
Z97463,2074,1730,344
Z97465,1448,1228,220
Z97466,442,371,71
Z97467,2689,2253,436
Z97469,1131,1036,95
Z97470,9239,8545,694
Z97471,13374,12187,1187
Z97473,222,137,85
Z97476,103,57,46
Z97477,16236,15523,713
Z97478,15126,14109,1017
Z97479,4350,3787,563
Z97480,213,140,73
Z97481,297,256,41
Z97484,132,114,18
Z97486,407,259,148
Z97487,3133,3037,96
Z97488,590,456,134
Z97489,472,383,89
Z97490,155,120,35
Z97492,317,285,32
Z97493,203,147,56
Z97494,14,14,0
Z97495,642,611,31
Z97496,2892,2700,192
Z97497,714,669,45
Z97498,1764,849,915
Z97499,880,760,120
Z97501,18226,16887,1339
Z97502,11570,10710,860
Z97503,4075,3672,403
Z97504,19534,17922,1612
Z97520,12650,11368,1282
Z97522,297,221,76
Z97523,3114,2685,429
Z97524,5737,5157,580
Z97525,2132,1903,229
Z97526,15697,14608,1089
Z97527,15371,13871,1500
Z97530,3613,3077,536
Z97531,239,239,0
Z97532,1043,1002,41
Z97534,420,188,232
Z97535,2614,2444,170
Z97536,578,437,141
Z97537,3715,3376,339
Z97538,1020,825,195
Z97539,1720,1551,169
Z97540,3662,3480,182
Z97541,678,514,164
Z97543,387,301,86
Z97544,1004,907,97
Z97601,11243,9305,1938
Z97603,12810,11778,1032
Z97604,16,16,0
Z97620,120,75,45
Z97621,92,64,28
Z97622,225,214,11
Z97623,1191,1026,165
Z97624,2310,1517,793
Z97625,106,97,9
Z97626,169,87,82
Z97627,378,351,27
Z97630,2467,2199,268
Z97632,555,479,76
Z97633,633,546,87
Z97634,88,88,0
Z97635,236,155,81
Z97636,239,212,27
Z97637,74,39,35
Z97638,355,237,118
Z97639,328,307,21
Z97640,114,58,56
Z97641,810,544,266
Z97701,28411,25948,2463
Z97702,18777,16790,1987
Z97707,7791,2656,5135
Z97710,103,75,28
Z97711,43,34,9
Z97712,9,9,0
Z97720,2354,1852,502
Z97721,190,143,47
Z97722,41,24,17
Z97730,523,140,383
Z97731,170,126,44
Z97732,59,53,6
Z97733,1114,198,916
Z97734,1676,1011,665
Z97735,132,65,67
Z97736,98,48,50
Z97737,376,248,128
Z97738,759,692,67
Z97739,6438,4778,1660
Z97741,4655,4127,528
Z97750,259,181,78
Z97751,136,29,107
Z97752,63,32,31
Z97753,1061,861,200
Z97754,8913,8036,877
Z97756,15386,13342,2044
Z97758,75,53,22
Z97759,4706,2489,2217
Z97760,3438,2769,669
Z97761,1124,1015,109
Z97801,8523,7963,560
Z97810,416,324,92
Z97812,437,333,104
Z97813,543,446,97
Z97814,6187,5516,671
Z97817,44,16,28
Z97818,1327,1253,74
Z97819,28,16,12
Z97820,629,439,190
Z97823,599,481,118
Z97824,736,693,43
Z97825,174,140,34
Z97826,417,366,51
Z97827,1292,1014,278
Z97828,1575,1309,266
Z97830,469,359,110
Z97833,460,398,62
Z97834,727,402,325
Z97835,140,130,10
Z97836,1134,814,320
Z97837,53,32,21
Z97838,9630,9042,588
Z97839,163,99,64
Z97840,94,66,28
Z97841,199,198,1
Z97842,120,68,52
Z97843,306,243,63
Z97844,1489,1346,143
Z97845,1347,1134,213
Z97846,1427,941,486
Z97848,114,88,26
Z97850,7422,6651,771
Z97856,279,162,117
Z97857,269,222,47
Z97859,151,31,120
Z97862,4814,4321,493
Z97864,173,101,72
Z97865,643,540,103
Z97867,374,300,74
Z97868,860,758,102
Z97869,549,405,144
Z97870,342,254,88
Z97873,155,83,72
Z97874,232,143,89
Z97875,1030,974,56
Z97876,386,348,38
Z97877,584,148,436
Z97880,262,111,151
Z97882,2148,1878,270
Z97883,1071,928,143
Z97884,148,68,80
Z97885,681,542,139
Z97886,777,477,300
Z97901,332,247,85
Z97903,104,76,28
Z97904,119,90,29
Z97905,110,85,25
Z97906,147,110,37
Z97907,314,215,99
Z97908,80,29,51
Z97909,29,29,0
Z97910,366,227,139
Z97911,68,34,34
Z97913,2055,1802,253
Z97914,6470,5985,485
Z97918,1805,1624,181
Z97920,114,104,10
Z98001,11853,11109,744
Z98002,13738,12687,1051
Z98003,19289,17791,1498
Z98004,17462,15518,1944
Z98005,8146,7507,639
Z98006,13727,13188,539
Z98007,11154,10501,653
Z98008,9357,9016,341
Z98010,2023,1913,110
Z98011,13329,12725,604
Z98012,21804,20799,1005
Z98014,2760,2611,149
Z98019,4391,4118,273
Z98020,9211,8728,483
Z98021,10666,10399,267
Z98022,9214,8533,681
Z98023,18530,17560,970
Z98024,2174,1986,188
Z98026,15406,14335,1071
Z98027,11360,10847,513
Z98028,8536,8027,509
Z98029,11144,10549,595
Z98030,12484,11726,758
Z98031,12676,12125,551
Z98032,14675,13411,1264
Z98033,16640,15592,1048
Z98034,18001,17282,719
Z98036,14694,14258,436
Z98037,10815,10204,611
Z98038,12545,12012,533
Z98039,1266,1087,179
Z98040,10179,9583,596
Z98042,16573,15784,789
Z98043,8557,8155,402
Z98045,5848,5600,248
Z98047,2475,2253,222
Z98050,33,33,0
Z98051,1323,1312,11
Z98052,26354,24782,1572
Z98053,8377,7876,501
Z98055,9457,8884,573
Z98056,13893,13415,478
Z98057,6440,5852,588
Z98058,16692,15893,799
Z98059,13637,13217,420
Z98065,4953,4713,240
Z98068,906,110,796
Z98070,5798,4757,1041
Z98072,9217,8723,494
Z98074,9070,8778,292
Z98075,7595,7369,226
Z98077,4923,4806,117
Z98087,12911,12175,736
Z98092,16100,15241,859
Z98101,9173,7911,1262
Z98102,15038,14390,648
Z98103,24340,22936,1404
Z98104,7999,7277,722
Z98105,16374,15274,1100
Z98106,10747,10119,628
Z98107,12707,12128,579
Z98108,8612,8057,555
Z98109,15202,14006,1196
Z98110,10374,9475,899
Z98112,10930,10382,548
Z98115,22085,21079,1006
Z98116,12313,11541,772
Z98117,14220,13813,407
Z98118,17060,16043,1017
Z98119,12166,11643,523
Z98121,10259,9245,1014
Z98122,17551,16673,878
Z98125,18882,17836,1046
Z98126,10242,9544,698
Z98133,22049,20759,1290
Z98134,189,161,28
Z98136,7483,7194,289
Z98144,13211,12303,908
Z98146,10239,9434,805
Z98148,4634,4260,374
Z98154,0,0,0
Z98155,13838,13363,475
Z98158,0,0,0
Z98164,140,81,59
Z98166,8765,8379,386
Z98168,12139,11522,617
Z98174,0,0,0
Z98177,8212,7797,415
Z98178,9752,8922,830
Z98188,10041,9610,431
Z98195,0,0,0
Z98198,14123,13126,997
Z98199,9920,9173,747
Z98201,13979,12550,1429
Z98203,14282,13335,947
Z98204,17799,16380,1419
Z98205,4959,4494,465
Z98207,0,0,0
Z98208,20769,19747,1022
Z98220,235,235,0
Z98221,11010,9050,1960
Z98222,165,29,136
Z98223,16123,14887,1236
Z98224,340,153,187
Z98225,20826,19376,1450
Z98226,17900,16114,1786
Z98229,13868,12236,1632
Z98230,8665,6582,2083
Z98232,1839,1624,215
Z98233,6111,5747,364
Z98235,35,35,0
Z98236,3330,2606,724
Z98237,2130,1640,490
Z98238,5,5,0
Z98239,3740,3065,675
Z98240,1171,1087,84
Z98241,1081,854,227
Z98243,544,251,293
Z98244,2359,1229,1130
Z98245,2759,1892,867
Z98247,3439,3278,161
Z98248,8808,8284,524
Z98249,3174,2051,1123
Z98250,5713,3535,2178
Z98251,2221,1796,425
Z98252,3949,3409,540
Z98253,1511,913,598
Z98255,98,66,32
Z98256,422,201,221
Z98257,2081,1713,368
Z98258,11414,10847,567
Z98260,3172,2499,673
Z98261,2301,1247,1054
Z98262,962,469,493
Z98263,29,29,0
Z98264,7697,6970,727
Z98266,1490,1354,136
Z98267,436,257,179
Z98270,17693,16970,723
Z98271,11046,10133,913
Z98272,9245,8535,710
Z98273,11346,10549,797
Z98274,7635,6401,1234
Z98275,8377,7900,477
Z98276,214,204,10
Z98277,17043,15632,1411
Z98278,0,0,0
Z98279,645,324,321
Z98280,512,235,277
Z98281,2152,646,1506
Z98282,8624,6359,2265
Z98283,311,172,139
Z98284,10313,9360,953
Z98286,256,91,165
Z98288,478,82,396
Z98290,13602,12296,1306
Z98292,9129,8035,1094
Z98294,2622,2460,162
Z98295,995,869,126
Z98296,10109,9641,468
Z98297,203,31,172
Z98303,1291,574,717
Z98304,725,334,391
Z98305,224,154,70
Z98310,9279,8659,620
Z98311,10742,10031,711
Z98312,13873,12308,1565
Z98314,22,17,5
Z98315,1365,1308,57
Z98320,1476,561,915
Z98321,5335,5041,294
Z98323,248,232,16
Z98325,810,734,76
Z98326,345,231,114
Z98327,3491,3290,201
Z98328,4444,3886,558
Z98329,4146,3883,263
Z98330,132,94,38
Z98331,2774,2477,297
Z98332,6645,6016,629
Z98333,1545,1354,191
Z98335,10683,9576,1107
Z98336,479,402,77
Z98337,3342,2879,463
Z98338,9576,8983,593
Z98339,1613,1340,273
Z98340,1594,1249,345
Z98342,759,603,156
Z98345,220,200,20
Z98346,4264,3875,389
Z98349,2619,1784,835
Z98350,133,121,12
Z98351,555,313,242
Z98353,15,15,0
Z98354,2943,2814,129
Z98355,330,309,21
Z98356,1055,943,112
Z98357,567,487,80
Z98358,654,478,176
Z98359,2019,1722,297
Z98360,4555,4239,316
Z98361,1584,514,1070
Z98362,11162,10021,1141
Z98363,6648,5494,1154
Z98364,29,29,0
Z98365,2925,2048,877
Z98366,14384,12370,2014
Z98367,11476,10238,1238
Z98368,8573,7168,1405
Z98370,12489,11400,1089
Z98371,8487,8050,437
Z98372,9906,9176,730
Z98373,9349,8609,740
Z98374,14268,13440,828
Z98375,10138,9437,701
Z98376,1350,738,612
Z98377,1117,854,263
Z98380,2178,1931,247
Z98381,283,216,67
Z98382,14124,12475,1649
Z98383,8883,8193,690
Z98385,118,109,9
Z98387,16274,14907,1367
Z98388,2770,2606,164
Z98390,4577,4246,331
Z98391,16559,15711,848
Z98392,1382,1237,145
Z98394,684,463,221
Z98396,253,237,16
Z98402,3767,3277,490
Z98403,4745,4299,446
Z98404,11833,10769,1064
Z98405,10512,9379,1133
Z98406,9829,9265,564
Z98407,9674,8917,757
Z98408,7576,6967,609
Z98409,10336,9276,1060
Z98416,0,0,0
Z98418,4245,3618,627
Z98421,0,0,0
Z98422,7783,7404,379
Z98424,4162,3860,302
Z98430,4,4,0
Z98433,4185,3914,271
Z98438,0,0,0
Z98439,2163,1949,214
Z98443,2281,2214,67
Z98444,13668,12757,911
Z98445,11844,10829,1015
Z98446,4126,3868,258
Z98447,0,0,0
Z98465,3373,3085,288
Z98466,12004,11238,766
Z98467,6381,6117,264
Z98498,12404,10957,1447
Z98499,14026,12627,1399
Z98501,17677,16602,1075
Z98502,14455,12829,1626
Z98503,16123,14825,1298
Z98506,8533,7974,559
Z98512,12022,11343,679
Z98513,13343,12312,1031
Z98516,9085,8671,414
Z98520,9186,8037,1149
Z98524,1795,1331,464
Z98526,205,105,100
Z98527,205,129,76
Z98528,5158,3312,1846
Z98530,265,231,34
Z98531,10463,9582,881
Z98532,9443,8738,705
Z98533,325,296,29
Z98535,423,244,179
Z98536,132,87,45
Z98537,902,819,83
Z98538,102,89,13
Z98541,4467,3775,692
Z98542,207,194,13
Z98544,0,0,0
Z98546,2256,1207,1049
Z98547,1346,511,835
Z98548,2501,1302,1199
Z98550,5281,4521,760
Z98552,260,231,29
Z98555,629,189,440
Z98557,1348,1187,161
Z98558,98,98,0
Z98559,27,27,0
Z98560,72,72,0
Z98562,149,0,149
Z98563,3387,3171,216
Z98564,1171,944,227
Z98565,220,211,9
Z98568,1096,985,111
Z98569,5660,2844,2816
Z98570,1902,1635,267
Z98571,239,86,153
Z98572,346,290,56
Z98575,151,75,76
Z98576,1859,1756,103
Z98577,2989,2637,352
Z98579,5057,4754,303
Z98580,4277,4042,235
Z98581,199,168,31
Z98582,359,266,93
Z98583,49,43,6
Z98584,16306,13426,2880
Z98585,421,340,81
Z98586,1030,823,207
Z98587,306,260,46
Z98588,1883,811,1072
Z98589,3147,2864,283
Z98590,338,210,128
Z98591,1647,1497,150
Z98592,1064,629,435
Z98593,492,373,119
Z98595,2155,1250,905
Z98596,2763,2504,259
Z98597,8782,7928,854
Z98601,1130,1023,107
Z98602,88,54,34
Z98603,658,430,228
Z98604,12279,11601,678
Z98605,566,459,107
Z98606,3220,3029,191
Z98607,10651,10236,415
Z98610,1438,1141,297
Z98611,4155,3916,239
Z98612,1277,1055,222
Z98613,181,155,26
Z98614,195,145,50
Z98616,514,72,442
Z98617,427,389,38
Z98619,255,180,75
Z98620,3247,2820,427
Z98621,210,198,12
Z98624,939,683,256
Z98625,2673,2484,189
Z98626,9630,8918,712
Z98628,208,183,25
Z98629,3154,2946,208
Z98631,3307,1668,1639
Z98632,21700,20093,1607
Z98635,1193,780,413
Z98638,623,517,106
Z98639,550,512,38
Z98640,5138,1953,3185
Z98641,26,0,26
Z98642,6505,6164,341
Z98643,296,214,82
Z98644,444,132,312
Z98645,643,533,110
Z98647,168,157,11
Z98648,1428,1206,222
Z98649,397,362,35
Z98650,481,334,147
Z98651,417,312,105
Z98660,5509,5212,297
Z98661,18592,17776,816
Z98662,12597,11963,634
Z98663,6004,5673,331
Z98664,9378,8748,630
Z98665,10252,9686,566
Z98670,40,32,8
Z98671,8649,8143,506
Z98672,2953,2260,693
Z98673,258,199,59
Z98674,4422,3855,567
Z98675,2222,2054,168
Z98682,19382,18289,1093
Z98683,13499,12968,531
Z98684,10448,9969,479
Z98685,10321,10000,321
Z98686,7187,7011,176
Z98801,16510,14854,1656
Z98802,11380,10633,747
Z98811,34,34,0
Z98812,1916,1522,394
Z98813,1119,932,187
Z98814,391,151,240
Z98815,3086,2525,561
Z98816,4624,2595,2029
Z98817,152,152,0
Z98819,270,102,168
Z98821,196,196,0
Z98822,1064,817,247
Z98823,4254,3982,272
Z98824,147,116,31
Z98826,5781,2877,2904
Z98827,376,212,164
Z98828,864,854,10
Z98829,329,241,88
Z98830,283,234,49
Z98831,2310,1302,1008
Z98832,100,83,17
Z98833,396,53,343
Z98834,136,80,56
Z98836,288,268,20
Z98837,16003,14552,1451
Z98840,2291,1895,396
Z98841,3752,3446,306
Z98843,1141,567,574
Z98844,2765,2094,671
Z98845,79,77,2
Z98846,665,436,229
Z98847,904,595,309
Z98848,4933,3592,1341
Z98849,641,463,178
Z98850,640,514,126
Z98851,2091,1816,275
Z98852,193,11,182
Z98853,15,2,13
Z98855,3435,2757,678
Z98856,1599,1160,439
Z98857,1330,1193,137
Z98858,947,854,93
Z98859,245,115,130
Z98860,151,109,42
Z98862,2168,958,1210
Z98901,10320,9761,559
Z98902,17703,16452,1251
Z98903,5701,5104,597
Z98908,14966,14085,881
Z98921,238,238,0
Z98922,4982,2601,2381
Z98923,325,325,0
Z98925,878,240,638
Z98926,13205,12172,1033
Z98929,42,0,42
Z98930,4932,4720,212
Z98932,1338,1293,45
Z98933,380,366,14
Z98934,482,433,49
Z98935,971,909,62
Z98936,2028,1897,131
Z98937,2504,1523,981
Z98938,661,641,20
Z98939,51,42,9
Z98940,829,242,587
Z98941,550,364,186
Z98942,6644,6264,380
Z98943,455,414,41
Z98944,6319,5961,358
Z98946,250,239,11
Z98947,1041,958,83
Z98948,3611,3402,209
Z98950,153,123,30
Z98951,3906,3677,229
Z98952,620,528,92
Z98953,2197,2099,98
Z99001,1651,1402,249
Z99003,2007,1908,99
Z99004,7572,6907,665
Z99005,3168,2908,260
Z99006,4546,4168,378
Z99008,253,253,0
Z99009,1532,1389,143
Z99011,856,731,125
Z99012,418,351,67
Z99013,642,575,67
Z99016,5134,4861,273
Z99017,81,76,5
Z99018,109,102,7
Z99019,4539,3901,638
Z99020,15,15,0
Z99021,3600,3445,155
Z99022,3619,3317,302
Z99023,221,221,0
Z99025,2385,1848,537
Z99026,3933,3729,204
Z99027,2542,2466,76
Z99029,516,501,15
Z99030,483,379,104
Z99031,501,435,66
Z99032,382,344,38
Z99033,472,397,75
Z99034,61,38,23
Z99036,605,537,68
Z99037,5224,4921,303
Z99039,47,40,7
Z99040,298,279,19
Z99101,724,563,161
Z99102,329,247,82
Z99103,247,215,32
Z99105,25,20,5
Z99109,2626,2290,336
Z99110,587,502,85
Z99111,1888,1768,120
Z99113,325,313,12
Z99114,5778,4996,782
Z99115,855,488,367
Z99116,778,684,94
Z99117,288,197,91
Z99118,443,339,104
Z99119,935,456,479
Z99121,84,52,32
Z99122,2188,1455,733
Z99123,576,512,64
Z99124,155,127,28
Z99125,276,220,56
Z99126,442,442,0
Z99128,128,113,15
Z99129,420,330,90
Z99130,406,351,55
Z99131,127,74,53
Z99133,1056,805,251
Z99134,315,237,78
Z99135,125,108,17
Z99136,22,19,3
Z99137,193,147,46
Z99138,778,485,293
Z99139,827,541,286
Z99140,227,147,80
Z99141,2754,2130,624
Z99143,358,286,72
Z99144,9,5,4
Z99146,40,22,18
Z99147,113,73,40
Z99148,1751,926,825
Z99149,115,77,38
Z99150,162,92,70
Z99151,73,61,12
Z99152,118,88,30
Z99153,352,202,150
Z99154,15,15,0
Z99155,424,348,76
Z99156,4763,3400,1363
Z99157,417,344,73
Z99158,323,272,51
Z99159,710,600,110
Z99160,104,78,26
Z99161,689,609,80
Z99163,12857,11424,1433
Z99164,0,0,0
Z99166,1900,1450,450
Z99167,309,256,53
Z99169,1203,1041,162
Z99170,545,466,79
Z99171,619,519,100
Z99173,681,590,91
Z99174,28,24,4
Z99176,80,70,10
Z99179,267,216,51
Z99180,616,428,188
Z99181,1067,788,279
Z99185,737,513,224
Z99201,7633,6683,950
Z99202,7520,6735,785
Z99203,9733,9139,594
Z99204,4076,3534,542
Z99205,18988,17610,1378
Z99206,14930,14483,447
Z99207,13464,11926,1538
Z99208,21508,20001,1507
Z99212,8671,7997,674
Z99216,11201,10323,878
Z99217,7356,6997,359
Z99218,6236,5806,430
Z99223,13515,12715,800
Z99224,8978,8389,589
Z99301,23048,22072,976
Z99320,3568,3343,225
Z99321,214,158,56
Z99322,93,69,24
Z99323,1289,1237,52
Z99324,3977,3642,335
Z99326,1441,1323,118
Z99328,1943,1542,401
Z99329,91,91,0
Z99330,432,382,50
Z99333,18,15,3
Z99335,164,107,57
Z99336,19702,18289,1413
Z99337,11076,10608,468
Z99338,4670,4451,219
Z99341,375,254,121
Z99343,802,742,60
Z99344,5183,4852,331
Z99345,79,71,8
Z99346,180,169,11
Z99347,1261,990,271
Z99348,547,446,101
Z99349,2361,1777,584
Z99350,4737,4497,240
Z99352,12425,11718,707
Z99353,5186,5061,125
Z99354,9675,9044,631
Z99356,128,93,35
Z99357,949,870,79
Z99359,97,66,31
Z99360,451,405,46
Z99361,823,692,131
Z99362,16681,15186,1495
Z99363,28,28,0
Z99371,195,174,21
Z99401,153,117,36
Z99402,858,734,124
Z99403,8879,8510,369
Z99501,8544,7545,999
Z99502,9455,8688,767
Z99503,6446,5866,580
Z99504,15734,14441,1293
Z99505,1196,1149,47
Z99506,2285,2158,127
Z99507,14951,14010,941
Z99508,13237,12195,1042
Z99510,0,0,0
Z99513,0,0,0
Z99515,8145,7615,530
Z99516,7428,7000,428
Z99517,7354,6787,567
Z99518,4446,4065,381
Z99519,5,0,5
Z99540,263,172,91
Z99546,550,36,514
Z99547,46,27,19
Z99548,50,30,20
Z99549,55,29,26
Z99550,152,95,57
Z99551,162,128,34
Z99552,111,100,11
Z99553,54,46,8
Z99554,174,159,15
Z99555,118,57,61
Z99556,1679,1078,601
Z99557,418,228,190
Z99558,51,37,14
Z99559,2787,2226,561
Z99561,100,88,12
Z99563,258,208,50
Z99564,97,24,73
Z99565,72,29,43
Z99566,279,64,215
Z99567,3372,3291,81
Z99568,194,100,94
Z99569,101,16,85
Z99571,97,41,56
Z99572,413,191,222
Z99573,809,256,553
Z99574,1324,891,433
Z99575,39,31,8
Z99576,1374,833,541
Z99577,9612,9189,423
Z99578,121,98,23
Z99579,203,23,180
Z99580,42,25,17
Z99581,221,196,25
Z99583,39,21,18
Z99585,105,82,23
Z99586,651,133,518
Z99587,1521,930,591
Z99588,1269,273,996
Z99589,72,61,11
Z99590,72,51,21
Z99591,44,20,24
Z99602,81,59,22
Z99603,5815,3871,1944
Z99604,227,213,14
Z99605,115,24,91
Z99606,172,120,52
Z99607,97,73,24
Z99609,114,106,8
Z99610,1396,915,481
Z99611,7130,5819,1311
Z99612,268,230,38
Z99613,410,142,268
Z99614,179,152,27
Z99615,4856,4289,567
Z99620,165,143,22
Z99621,215,162,53
Z99622,87,57,30
Z99624,57,27,30
Z99625,50,31,19
Z99626,97,83,14
Z99627,291,152,139
Z99628,252,128,124
Z99630,88,65,23
Z99631,245,163,82
Z99632,190,153,37
Z99633,444,221,223
Z99634,114,98,16
Z99636,126,107,19
Z99637,126,112,14
Z99638,26,20,6
Z99639,1217,475,742
Z99640,175,66,109
Z99641,116,96,20
Z99643,115,85,30
Z99644,133,81,52
Z99645,9318,8568,750
Z99647,33,8,25
Z99648,50,27,23
Z99649,92,28,64
Z99650,134,117,17
Z99651,16,9,7
Z99652,2945,1406,1539
Z99653,79,45,34
Z99654,20469,18070,2399
Z99655,188,157,31
Z99656,24,10,14
Z99657,131,79,52
Z99658,246,184,62
Z99659,113,99,14
Z99660,208,161,47
Z99661,417,352,65
Z99662,113,109,4
Z99663,424,221,203
Z99664,2223,1635,588
Z99665,49,18,31
Z99666,51,40,11
Z99667,663,33,630
Z99668,50,29,21
Z99669,7056,5408,1648
Z99670,138,33,105
Z99671,140,125,15
Z99672,2427,1511,916
Z99674,946,520,426
Z99676,1639,615,1024
Z99677,81,34,47
Z99678,323,183,140
Z99679,91,82,9
Z99680,128,113,15
Z99681,88,70,18
Z99682,278,74,204
Z99683,816,190,626
Z99684,345,238,107
Z99685,981,813,168
Z99686,1476,1189,287
Z99688,2871,1028,1843
Z99689,349,250,99
Z99690,57,51,6
Z99691,53,37,16
Z99692,84,61,23
Z99693,321,113,208
Z99694,809,584,225
Z99695,10,0,10
Z99701,8589,7345,1244
Z99702,1057,775,282
Z99703,1908,1786,122
Z99704,0,0,0
Z99705,9285,8373,912
Z99706,16,0,16
Z99709,14065,12251,1814
Z99712,5429,4500,929
Z99714,1200,430,770
Z99720,83,49,34
Z99721,85,63,22
Z99722,76,53,23
Z99723,1652,1329,323
Z99724,52,28,24
Z99726,46,20,26
Z99727,125,122,3
Z99729,256,95,161
Z99730,252,36,216
Z99732,29,0,29
Z99733,62,45,17
Z99734,0,0,0
Z99736,62,44,18
Z99737,2671,1438,1233
Z99738,251,48,203
Z99739,136,97,39
Z99740,328,214,114
Z99741,293,202,91
Z99742,213,163,50
Z99743,921,450,471
Z99744,153,75,78
Z99745,27,16,11
Z99746,133,103,30
Z99747,72,49,23
Z99748,86,62,24
Z99749,152,109,43
Z99750,139,125,14
Z99751,38,32,6
Z99752,1293,921,372
Z99753,92,74,18
Z99754,49,36,13
Z99755,313,58,255
Z99756,269,38,231
Z99757,63,13,50
Z99758,112,81,31
Z99759,82,69,13
Z99760,578,267,311
Z99761,102,90,12
Z99762,1968,1429,539
Z99763,157,138,19
Z99764,164,84,80
Z99765,120,81,39
Z99766,203,167,36
Z99767,33,4,29
Z99768,151,61,90
Z99769,226,189,37
Z99770,208,165,43
Z99771,74,68,6
Z99772,225,161,64
Z99773,84,69,15
Z99774,42,9,33
Z99775,126,126,0
Z99776,67,48,19
Z99777,153,103,50
Z99778,75,59,16
Z99780,948,572,376
Z99781,89,66,23
Z99782,159,134,25
Z99783,70,57,13
Z99784,86,69,17
Z99785,103,97,6
Z99786,132,81,51
Z99788,65,35,30
Z99789,136,99,37
Z99790,32,8,24
Z99791,69,52,17
Z99801,12061,11115,946
Z99820,285,124,161
Z99824,1098,999,99
Z99825,68,39,29
Z99826,516,261,255
Z99827,1640,1204,436
Z99829,398,329,69
Z99830,272,194,78
Z99832,106,36,70
Z99833,1738,1284,454
Z99835,4108,3472,636
Z99836,72,11,61
Z99840,636,406,230
Z99841,198,75,123
Z99901,6220,5267,953
Z99903,35,11,24
Z99918,230,85,145
Z99919,509,304,205
Z99921,967,673,294
Z99922,126,109,17
Z99923,68,13,55
Z99925,391,325,66
Z99926,539,476,63
Z99927,131,78,53
Z99929,1457,1116,341
